35 210 {'t': [122140, 122200, 122240, 122260, 122280]}
35 845 {'t': [141960]}
35 826 {'t': [148840, 385960, 387020, 387100, 387120, 387200, 387220, 387240, 387260, 387280, 387300, 388080, 667820, 749740, 982420]}
35 804 {'t': [210160]}
35 273 {'t': [291160]}
35 253 {'t': [293980]}
35 265 {'t': [315820, 640060, 728320, 728340, 728360, 728380, 728540, 728820, 728840, 728860, 728880, 728900, 897980]}
35 268 {'t': [315940, 315960, 315980, 816660, 1002860]}
35 185 {'t': [317640]}
35 778 {'t': [735260, 754660, 901640]}
35 743 {'t': [903500]}
35 255 {'t': [1004960]}
184 267 {'t': [48380]}
184 804 {'t': [48480, 48500, 48520, 48540, 57580, 57760, 57780, 206900, 206920, 209840, 658240, 658260]}
184 778 {'t': [54420, 54440, 54460, 54520, 54540, 54560, 54620, 54640, 54660, 54680, 54740, 54760, 54780, 54800, 54820, 54840, 54860, 54880, 54900, 54920, 54940, 54960, 54980, 55000, 55020, 55040, 55060, 55120, 55260, 55280, 55300, 55320, 55360, 55380, 55400, 55420, 55440, 55460, 55480, 55500, 55520, 55540, 55560, 55580, 55600, 55620, 57300, 57360, 57380, 57440, 57480]}
184 268 {'t': [57380, 57400, 57420, 57440, 57540, 57600, 57620, 57720, 57740, 57820, 57860, 58440, 58560, 59620, 60040, 62820, 62840, 62860, 62900, 62980, 63120, 63140, 206860, 206920, 206940, 206960, 206980, 207000, 207020, 207040, 207060, 207080, 207100, 207120, 207140, 207160, 209820, 209840, 209920, 210180, 232120, 232280, 232400, 232600, 232620, 233780, 233800, 639840, 640100, 657660, 746820, 746840, 746860, 746880, 746900, 747140, 747160, 749240, 989860, 1011100]}
184 185 {'t': [57380, 57400, 390740]}
184 845 {'t': [62800, 62840, 62860, 62900, 62920, 62940, 62960, 63040, 206940]}
184 826 {'t': [63080, 738220, 738240]}
184 265 {'t': [205400, 218080, 305360, 305380, 305400, 305420, 305440, 649900, 649920, 653980, 654000, 654020, 738280, 923500, 986440]}
184 131 {'t': [206820]}
184 118 {'t': [207020, 207140, 207380, 207680, 207700, 207780, 207800, 207820, 209480, 209520, 209660]}
184 751 {'t': [212900, 213020, 213340, 213580, 213640, 213660, 213680, 213700, 213720, 213740, 213760, 231820, 231840, 231920, 231940, 232020, 232040, 232060, 232080, 232100, 232120, 232140, 232160, 232180, 232200, 232220, 232240, 232260, 232280, 232300, 232320, 232340, 232380, 232400, 232420, 232440, 233560, 234320, 234360, 234440, 234460, 234520, 293440, 293460, 293480, 293540, 293560, 293580, 293700, 293940, 296400, 296420, 297080, 297100, 297180, 297260, 297280, 297300, 297320, 297340, 297580, 298840, 298860, 298880, 304800, 304820, 305160, 305400, 309960, 381360, 385000, 385020, 390240, 390400, 390600, 390660, 390680, 390700, 390720, 390740, 390760, 390780, 390800, 390820, 390840, 394460, 402180, 404260, 404280, 642120, 642160, 642180, 645280, 645300, 645320, 645360, 823540, 823580, 823600, 823620, 827280, 827300, 827320, 898960, 899000, 899020, 899040, 899060, 899080, 899100, 899120, 899140, 899160, 899180, 899200, 899220, 899240, 899260, 899280, 899300, 899320, 899340, 899360, 899380, 899400, 899420, 899520, 899560, 900140, 900160, 900180, 900200, 900220, 900240, 900260, 900280, 900320, 900360, 903360, 903380, 903460, 903480, 903540, 903560, 903580, 903600, 903620, 903640, 903660, 903680, 903700, 903720, 903740, 903760, 903780, 903800, 903820, 903860, 903880, 903900, 903920, 904000, 904020, 904040, 904060, 904120, 905420, 905460, 905480, 905500, 905520, 905540, 905780, 905800, 913540, 913560, 913600, 923460, 923540, 923560, 923580, 923600, 923620, 923640, 923660, 923720, 923960, 995000, 995020, 995040, 995060, 998200, 998220, 998260, 1000020, 1000160]}
184 134 {'t': [296960, 296980, 297000, 297020, 297040, 297060, 297080, 297100, 297120, 297140, 297160, 297180, 297200, 297240, 913540, 913560]}
184 196 {'t': [297180]}
184 194 {'t': [297200]}
184 223 {'t': [297200]}
184 39 {'t': [297220]}
184 743 {'t': [665200]}
184 123 {'t': [815340, 815360, 816000]}
184 253 {'t': [815380, 815480, 815500, 815520, 815540, 815560, 815580, 815620, 815640, 815660]}
184 273 {'t': [818520, 897460]}
184 255 {'t': [925780, 989400, 989420, 990200, 1000120]}
751 131 {'t': [130780]}
751 265 {'t': [134380, 134400, 134420, 134440, 134600, 134820, 134880, 134920, 134940, 136900, 220360, 220560, 222320, 305300, 305320, 305340, 305360, 305380, 305400, 305420, 305440, 305480, 309900, 309920, 649980, 653920, 653940, 653980, 733980, 734000, 734020, 738240, 738280, 738300, 738320, 738340, 738360, 740640, 740660]}
751 778 {'t': [134700, 150920, 208400, 208420, 210380, 295280, 295320, 312240, 312280, 312320, 312560, 737000, 754380, 754400, 754420, 754440, 754660, 904740, 904760]}
751 804 {'t': [138700, 138720, 138740, 138760, 138780, 138800, 138820, 138840, 138860]}
751 268 {'t': [138860, 139340, 232120, 232260, 232280, 232300, 232360, 232400, 232420, 232440, 232460, 233280, 301680, 305340, 725140, 725160, 725220, 725240, 725480, 725560, 725760, 725880, 725900, 725920, 725940, 725960, 725980, 726020, 726100, 726140, 727060, 727220, 727600, 727620, 727640, 727800, 727820, 727840, 727900, 728000, 728020, 728200, 728420, 728460, 728700, 728740, 728760, 728780, 728800, 728820, 728840, 728860, 728900, 728920, 728940, 728960, 728980, 729000, 729040, 729100, 729120, 729140, 729160, 729180, 729220, 729240, 729260, 729320, 729340, 729360, 729380, 729400, 729420, 730100, 730120, 730140, 730160, 730180, 730200, 730220, 730240, 730380, 730400, 730420, 730440]}
751 662 {'t': [220500]}
751 826 {'t': [220580, 390480, 923480]}
751 209 {'t': [220600]}
751 211 {'t': [296140, 296400]}
751 134 {'t': [296960, 297060, 297080, 297100, 297120, 297200, 297240, 297260, 297300, 913460, 913480, 913540, 913560, 913680, 913720, 913740, 913780, 913840, 913860, 913880, 913960, 913980, 914000, 914020, 914040, 914080, 914100, 914140, 914160, 914180, 914220, 914240, 914260, 914280, 914300, 914320, 914340, 914380, 914400]}
751 116 {'t': [305180, 305460]}
751 39 {'t': [323640]}
751 185 {'t': [390620, 390820]}
751 273 {'t': [402200]}
751 481 {'t': [810780, 810800]}
751 875 {'t': [822640]}
255 826 {'t': [379200, 379220, 379240, 379260, 379420, 379480, 379500, 379600, 379660, 379680, 379760, 379780, 379800, 640280, 752460, 812180, 819500, 910420, 923360, 923380, 988980, 989020, 989040]}
255 273 {'t': [379360, 379380, 379660, 379760, 379780, 379800, 396720, 396740, 662800, 662820, 745480, 745540, 745560, 748100, 748160, 748180, 748220, 748920, 752120, 752200, 752260, 752280, 752400, 752420, 752440, 752460, 753680, 809840, 812260, 812300]}
255 240 {'t': [640060]}
255 265 {'t': [642280, 989000, 989020]}
255 743 {'t': [654520, 654800, 662760, 662800, 662820, 662860, 909360]}
255 804 {'t': [658020, 658040, 658060, 658100, 658120, 658140, 822700, 824620, 824640, 824660, 995900]}
255 268 {'t': [662240, 662260, 751280, 751300, 751320, 751340, 751360, 813540, 815140, 815200, 815300, 815320, 815720, 815980, 816000, 816060, 816260]}
255 131 {'t': [725080, 725140, 753220]}
255 122 {'t': [725320, 725540, 725580]}
255 511 {'t': [736320, 811920]}
255 80 {'t': [736340]}
255 311 {'t': [822840, 822860, 822900, 822920, 823040, 824680]}
255 778 {'t': [823000, 904960]}
255 875 {'t': [823040]}
255 494 {'t': [824900]}
255 253 {'t': [825000, 827380]}
255 123 {'t': [827380]}
255 709 {'t': [984720, 984740]}
131 50 {'t': [122740, 122820, 122840, 122860, 122880, 122900, 122920, 122960, 123000, 123040, 312260, 657500, 657520, 657540, 657560, 657580, 657600, 658120, 658140, 658260, 658280, 658300, 658400, 659360, 659600, 659620, 659880, 659900, 660260, 660400, 660800, 660820, 660840, 737760]}
131 242 {'t': [123580, 123720]}
131 150 {'t': [124020, 124040, 124060, 124080, 124100, 124120, 124140, 124160, 124180, 124200, 124220, 124240, 124260, 124280, 124300, 124320, 124340, 124360]}
131 271 {'t': [124360]}
131 185 {'t': [125220]}
131 778 {'t': [129240, 316860]}
131 826 {'t': [148420, 148480, 232180, 644460, 644600, 740980]}
131 102 {'t': [240300, 318720, 659600, 659620, 659660, 659680, 659700, 659720, 659740, 659760, 659780, 659800, 659840, 659860, 659960, 659980, 660080, 660180, 660220, 660240, 660260, 660280, 660320, 660340, 660360, 660380, 660400, 660620, 660800, 660820, 737760]}
131 205 {'t': [309120]}
131 311 {'t': [309780, 309800, 312240]}
131 875 {'t': [317100]}
131 845 {'t': [326660, 326740, 326760, 326780, 326800, 326820, 326840, 326880, 326900, 326920, 326940, 326960, 327000, 327040, 327060, 327100, 327140, 327220]}
131 273 {'t': [644720]}
131 804 {'t': [736740, 737180, 737200, 737220, 737300, 737740, 737760]}
273 778 {'t': [204540, 205040, 205060, 205080, 208420, 208440, 208460, 209540, 209560, 209740, 210140, 210380, 296240, 299060, 310500, 314840, 314860, 314880, 322580, 322620, 322640, 322660, 322680, 322700, 322800, 322820, 322840, 322860, 753480, 753500, 753520, 753540, 753560, 753580, 753600, 753620, 753640, 753660, 753680, 753720, 753820, 753840, 753860, 753880, 753900, 753920, 753940, 753960, 753980, 754000, 754020, 754040, 754060, 754080, 754100, 754120, 754140, 754160, 815500, 815520, 815540, 815560, 815620, 815640, 815660, 815740, 815780, 815800, 815820, 815860, 815880, 815900, 815920, 815940, 815960, 815980, 816400, 816420, 816440, 816460, 816480, 816500, 816520, 816540, 904260, 904280, 904300, 904320, 904340, 904360, 915880, 918460, 918480, 918500, 918520, 918540, 918560, 918580, 918600, 918620, 918640, 918660, 918680, 918700, 918720, 918740, 918760, 918780, 918800, 918820, 918840, 918860, 918880, 918900, 918920, 918940, 918960, 918980, 919000, 919020, 919040, 919060, 919160, 919200, 919320, 919340, 919360, 919380, 919400, 919420, 919440, 919460, 919480, 919500, 919520, 919540, 919560, 919580, 919620, 919640, 919660, 919760]}
273 265 {'t': [298120]}
273 185 {'t': [322560, 322580, 322600, 322620, 322640, 322680, 322700, 322740, 322760, 322780, 322800, 322820, 322840, 322880, 322960]}
273 826 {'t': [378300, 378440, 379340, 379360, 379380, 379400, 379420, 379440, 379460, 379520, 379540, 379560, 379580, 379600, 379620, 379640, 379660, 379760, 379780, 379800, 406240, 406260, 638280, 728180, 747740, 747960, 811900, 811960, 811980, 812020, 896720, 900360]}
273 845 {'t': [383700]}
273 804 {'t': [395140]}
273 268 {'t': [642100, 752620, 752640, 752680, 752700, 816540, 820700]}
273 743 {'t': [662860, 662920, 662940, 662960, 662980, 663420, 663440, 663460, 663480, 663500, 663560, 663600, 663640, 663700, 663740, 663760, 663780, 663800, 663820, 820600, 923800, 923820, 925060, 925080, 925100, 925160, 925300, 925560, 925580, 925600, 925620, 925640, 925660, 925680, 925740, 925780, 925800, 925820, 925840, 925860, 925880, 925900, 982860, 982880, 982900, 983120, 992740, 992760, 992780]}
273 123 {'t': [810240]}
273 211 {'t': [815340]}
743 826 {'t': [664880, 664900, 664920, 664940, 664960, 664980, 665000, 902100, 990040]}
743 265 {'t': [818780, 818800, 818820, 818860, 818880, 818900, 818920, 818940, 818960, 819020, 819040, 819060, 819100, 822740, 914360, 914380, 914480, 914640, 914660, 914700, 914780, 914800, 914820, 914840, 914860, 915140, 916040, 916500, 917300, 918000, 918020, 918040, 918160, 918180, 918200, 918220, 918320, 918640, 918660, 918920, 918940, 918960, 919040, 919180, 919240, 919260, 919340, 919360, 919400, 919420, 919460, 919480, 919500, 919580, 919820, 919840, 920100, 920120, 920140, 920160, 920180, 920200, 920220, 920240, 920380, 920400, 920420, 920440, 920460, 920600, 920620, 920900, 920920, 920940, 920960, 920980, 921100, 921120, 921140, 921160, 921180, 921200, 921320, 921420, 921460, 921520, 921540, 921600, 922440, 923120, 923280, 923300, 923340]}
743 778 {'t': [906440, 906460]}
743 784 {'t': [911420, 911440, 911460, 911480, 911540]}
743 39 {'t': [911700, 911720]}
743 123 {'t': [911880, 911980]}
210 778 {'t': [121740]}
210 826 {'t': [134860]}
210 209 {'t': [135000]}
826 181 {'t': [29300]}
826 448 {'t': [30060]}
826 765 {'t': [30060]}
826 116 {'t': [37840]}
826 778 {'t': [39940, 39960, 206440, 906200, 906240, 906260, 906320, 906340, 906360, 906380, 906400]}
826 804 {'t': [48160, 48180, 231720]}
826 987 {'t': [119820]}
826 80 {'t': [131520]}
826 79 {'t': [131520]}
826 265 {'t': [138560, 138800, 142020, 147900, 147920, 148000, 148020, 148220, 148240, 148260, 148280, 148300, 148320, 148340, 148440, 205300, 209020, 209040, 209060, 214620, 218080, 225380, 226840, 226860, 226880, 227520, 227600, 235780, 236000, 236820, 236880, 236980, 634680, 636900, 638940, 639100, 639120, 639140, 639300, 639320, 639360, 639580, 639780, 641500, 655860, 660580, 662560, 662580, 663160, 741840, 743580, 750200, 750220, 750240, 750260, 752140, 752160, 752180, 752200, 752500, 755320, 755440, 755500, 755540, 810180, 810200, 899520, 899580, 899620, 900040, 923520, 925480, 925500, 983400, 983420, 983440, 984480]}
826 222 {'t': [140680, 141020]}
826 50 {'t': [206520]}
826 662 {'t': [220480]}
826 311 {'t': [220480]}
826 268 {'t': [230840, 230860, 662180, 917380, 982400, 990080, 1006040, 1006060, 1006080]}
826 275 {'t': [231700]}
826 211 {'t': [406260]}
826 196 {'t': [738240]}
265 56 {'t': [134580]}
265 335 {'t': [137300]}
265 804 {'t': [140220, 218100, 657920, 657940, 657960, 737860, 737880, 737900, 737920, 737940, 737960, 737980, 738000, 738020, 738040]}
265 95 {'t': [141180, 141200, 141220]}
265 185 {'t': [141820, 141840, 312080, 320400, 320480, 320500, 320600, 320640, 320660, 320680, 320700, 320820, 320840, 320860, 320900, 321160, 321180, 321220, 321240]}
265 211 {'t': [205360, 296580, 296600, 298960, 825520]}
265 116 {'t': [209600, 222680, 305440, 305460]}
265 50 {'t': [220200, 233900]}
265 875 {'t': [225260]}
265 134 {'t': [296900]}
265 268 {'t': [305320, 305340, 655740, 655780, 655800, 655820, 657960]}
265 240 {'t': [640000]}
265 779 {'t': [738320]}
265 194 {'t': [738320]}
265 87 {'t': [897980, 898000, 898020, 914180, 914200, 914240, 914260]}
265 431 {'t': [899680, 899700]}
265 285 {'t': [899820]}
265 120 {'t': [908700]}
845 123 {'t': [30360, 30380, 30400, 30420, 30440, 30460, 30480, 30500, 30520, 30540, 30560, 30580, 30640]}
845 268 {'t': [54120, 147280, 240420, 319140, 319340, 387440, 387460, 387480, 387500, 388180, 388200]}
845 778 {'t': [123200, 212180, 212500, 212860, 213920, 214720]}
845 275 {'t': [207040, 207060, 207200, 208420, 209820]}
845 804 {'t': [207400, 207460, 209420, 209580, 209600, 209620, 212180, 212200, 212240, 212260]}
185 778 {'t': [57380, 322360, 322460, 322500, 322540, 322560, 322580, 322600, 322640, 322880]}
268 211 {'t': [125860]}
268 804 {'t': [138820, 138840, 138860, 206920, 207560, 658180, 658200, 658240, 658260, 658520, 662540, 662560, 662700, 662740, 662780, 751180, 843280, 843300, 843320, 843340, 843400, 843420, 843440, 843460, 843480, 898260, 898280, 898300, 898320, 898340]}
268 778 {'t': [204580, 206400, 734800, 734820, 757460, 757880, 757960, 757980, 758000, 758020, 758040, 758060, 758080, 758160, 758180, 758380, 758720, 758740, 837880, 838700, 838740, 838780, 838800]}
268 118 {'t': [206900]}
268 134 {'t': [296960]}
268 222 {'t': [645660, 645880, 645900, 645940, 646240, 646260, 646280, 646300, 646320, 646340, 647000]}
268 132 {'t': [993840]}
778 431 {'t': [33300, 33400, 33480, 33560]}
778 116 {'t': [40560, 123180, 210960]}
778 804 {'t': [48180, 204760, 204780, 823060, 823080, 823100, 823120, 823140, 823160, 823180]}
778 119 {'t': [123060]}
778 211 {'t': [204520, 207080, 207480, 207500, 207520, 207540, 207560, 207580, 207600, 207620, 207640, 207660, 207680, 207700, 207720, 207740, 207760, 207780, 207800, 207820, 207840, 207860, 207900, 207920, 207940, 207960, 207980, 208000, 208020, 208040, 210800]}
778 56 {'t': [315480]}
778 875 {'t': [822700, 822720, 822740, 822760, 822800, 822820, 822840, 822860, 822880, 822900, 823200, 823220, 823260, 823400, 823480, 823540, 823560, 823620, 823680, 823820, 823840, 823860, 823920, 823940, 824040, 824060, 824080, 824100, 824120, 824260, 824340, 824480, 824500, 824680, 825060, 825100, 825160, 825180, 827760, 827780, 827800, 827820, 827840, 827860, 827880, 827900, 827920, 827940, 827960, 827980]}
253 39 {'t': [30280]}
253 80 {'t': [30280]}
253 123 {'t': [35800, 35880, 35980, 36820, 39760, 40420, 40560, 42040, 42060, 42320, 42340, 42380, 44380, 44440, 44840, 44860, 45440, 45640, 46360, 46380, 50760, 51340, 51400, 51420, 51760, 51960, 51980, 52000, 53880, 53900, 55180, 55200, 57000, 57020, 57040, 57060, 59380, 59400, 59420, 59460, 59500, 59520, 59540, 59700, 61280, 61340, 63380, 63400, 63660, 64000, 64020, 64060, 64080, 64100, 64120, 64140, 122480, 122500, 123040, 136060, 151500, 151560, 151600, 151640, 301900, 301920, 301940, 301960, 301980, 302000, 302120, 381840, 381860, 381920, 381940, 381960, 387260, 389540, 389560, 667200, 667760, 667780, 667800, 667920, 727640, 729740, 730460, 731520, 816060, 817980, 825200, 825220, 825800, 825860, 826020, 826080, 826260, 826300, 826560, 826620, 826640, 826660, 826680, 826700, 826720, 826760, 826880, 826940, 827000, 827100, 827220, 827240, 827260, 827280, 837040, 837500, 837560, 843240, 901180, 901200, 901280, 902080, 902560, 902880, 902940, 902960, 903020, 903040, 903060, 903080, 903100, 903120, 903140, 903160, 903180, 903200, 903220, 903240, 903260, 903280, 903300, 903320, 903340, 903360, 903380, 903400, 903420, 903440, 903460, 903480, 903500, 903520, 903540, 903560, 903580, 903600, 903620, 903640, 903660, 903680, 903700, 903720, 903740, 903760, 903780, 903800, 903820, 903920, 903940, 903960, 903980, 904000, 904020, 904120, 904140, 904160, 904180, 904200, 904220, 904240, 904260, 904280, 904300, 904320, 904340, 904360, 904380, 904460, 904480, 904500, 904520, 904540, 904560, 904580, 904600, 904620, 904680, 904700, 904720, 904740, 904760, 904780, 904800, 904840, 904860, 904940, 904960, 904980, 905000, 905020, 905120, 905140, 905160, 905180, 905200, 905220, 905240, 905260, 905280, 905300, 905340, 905360, 905380, 905400, 905420, 905440, 905460, 905480, 905500, 905520, 905540, 905560, 905580, 905600, 905680, 905720, 905740, 905760, 905780, 905800, 905820, 905840, 905900, 905920, 905940, 906120, 906140, 906160, 906200, 906300, 906320, 906360, 906400, 906420, 906440, 906460, 906480, 906500, 906520, 906540, 906780, 906800, 906820, 906840, 906920, 906960, 906980, 907000, 907020, 907040, 907060, 907080, 907160, 907180, 907200, 907220, 907300, 911360, 911740, 911880, 911920, 911940, 911960, 912020, 912420, 912440, 912460, 912540, 912560, 912580, 912600, 912640, 912660, 912680, 912700, 912740, 912760, 913600]}
253 79 {'t': [36320, 736600, 822480, 901280, 901300, 901940, 902040, 902060, 902200]}
253 223 {'t': [63480, 825800]}
253 95 {'t': [63660, 136940, 295020, 667140, 667160, 744420, 836980, 837000]}
253 15 {'t': [387560, 387660, 387680, 387740, 387760, 387780, 387800, 387820, 387840, 727360, 727400, 727420, 727440, 727460, 727480, 727500, 727520, 727600, 727960, 728720, 728820, 729020, 729160, 729180, 729700, 730860, 731040, 731220, 731240, 731260, 731300, 731360, 731380, 731400, 731420, 731440, 731460, 731480, 731500, 732120, 732200]}
253 120 {'t': [649320, 649340, 649380, 649400, 649420, 649440]}
253 134 {'t': [649340, 649440]}
253 494 {'t': [649400]}
253 21 {'t': [827400]}
253 101 {'t': [827400]}
253 164 {'t': [912260, 912300, 912320, 912340, 912360, 912380, 912400, 912420, 912440, 912460, 912480, 912500, 912540, 912560, 912580, 912620, 912640, 912660, 912680, 912700, 912720, 912740, 912760, 912780, 912820, 912840, 912920, 912960, 913000, 913080]}
172 120 {'t': [34740, 34920, 36260, 36280, 38340, 38360, 41620, 143980, 144000, 206100, 206180, 209620, 212420, 212440, 212460, 212480, 212500, 212520, 213920, 214060, 810800, 820640, 829080, 830200, 831100]}
172 311 {'t': [41500, 41600, 41620, 42180, 42200, 42260, 42280, 42300, 42320, 42340, 42360, 42380, 42400, 42420, 42460]}
172 196 {'t': [64700, 120860, 141620, 143560, 144220, 144240, 214260, 214280, 390280, 810920, 810940, 986480]}
172 123 {'t': [136960, 136980, 409920, 828240, 900740]}
172 819 {'t': [235960, 390180]}
172 56 {'t': [308880]}
172 80 {'t': [309260]}
172 987 {'t': [378920, 927340, 927460, 927520]}
172 603 {'t': [387880]}
172 779 {'t': [405640, 405660, 405680, 898120, 916140]}
172 95 {'t': [408840, 408860]}
172 132 {'t': [653280, 997140, 997160, 997180, 997420, 997520, 997620]}
172 113 {'t': [810800]}
172 875 {'t': [907380]}
172 164 {'t': [911080, 911100, 911120, 911180]}
513 113 {'t': [42040, 42180, 42660, 44120, 392080, 732180]}
513 105 {'t': [42880, 296420, 296440, 296460, 318880, 320300, 320840, 381440, 390460, 390480, 390600, 390780, 390840, 392780, 393040, 411000, 634560, 636060, 638080, 638100, 648580, 648600, 651540, 655400, 733180, 733200, 986920, 990400, 990460]}
513 29 {'t': [237240, 726080, 730340]}
513 267 {'t': [297320, 381100]}
513 181 {'t': [390520, 390540, 390560, 390580, 390600, 390620, 390640, 390660, 390680]}
513 134 {'t': [655320]}
29 271 {'t': [34780]}
29 95 {'t': [35780, 43260, 43280, 49600, 220040, 220060, 222900, 222920, 229240, 229260, 229280, 231240, 231260, 231280, 385680, 385740, 385900, 385920, 385940, 385960, 648260, 648280, 648300, 733700, 733720, 733740, 733760, 733780, 733800, 733920, 733940, 733960]}
29 79 {'t': [37440]}
29 56 {'t': [40440, 40460, 40480, 40500, 40520, 40560]}
29 15 {'t': [43260, 43280]}
29 222 {'t': [53520, 53540, 222940, 814820]}
29 120 {'t': [204360, 205060, 205080, 205100, 722600, 722620, 722720]}
29 39 {'t': [204980, 224000, 224020, 224040, 224080, 224400, 224420, 224440, 224460, 224480, 224500, 224520, 224540, 224580, 224600, 224620, 224720, 224740, 224760, 225180, 225300, 225340, 225460, 225520, 901060, 902280]}
29 662 {'t': [205880, 206160, 206200, 206220, 206240, 990900]}
29 116 {'t': [229000]}
29 496 {'t': [380980, 381000]}
29 819 {'t': [638640, 638680, 638740, 638760, 638780, 638800, 638940]}
29 113 {'t': [640840, 640860, 812520, 812580]}
29 223 {'t': [647440]}
29 194 {'t': [724980, 907500]}
29 267 {'t': [725600]}
29 122 {'t': [725600]}
29 311 {'t': [740760, 741360]}
29 779 {'t': [744920, 744940, 744960, 745020, 745040, 745060, 745080, 745100, 745120, 745140, 745160, 745180, 745200, 745220, 745240, 745260, 745280, 745300, 745320, 745340, 745360, 745380]}
29 21 {'t': [827300]}
29 123 {'t': [831620, 994580]}
29 791 {'t': [921080, 990980]}
29 213 {'t': [991160]}
272 267 {'t': [28860]}
272 56 {'t': [308880, 308900]}
272 603 {'t': [310940]}
272 39 {'t': [323540]}
79 181 {'t': [29780]}
79 122 {'t': [31220, 664200, 664260, 664320, 664340, 664380, 664420, 664480, 664640, 664760, 664920, 664940, 664960, 664980, 665000, 665020, 665040, 665060, 665080, 665120, 665140, 665160, 665180, 665200, 665220, 665240, 665260, 665280, 665300, 665380, 665400, 665440, 665460, 665480, 665520, 665540, 665560, 665580, 666540, 666920, 666940]}
79 275 {'t': [34580]}
79 804 {'t': [47340, 47560, 47580, 217920, 755320, 824860]}
79 311 {'t': [48040, 649620]}
79 102 {'t': [48240]}
79 95 {'t': [49560, 49800]}
79 222 {'t': [119420, 119500, 119520, 119940, 119960, 130860, 218500, 218520, 218540, 218560, 218580, 218600, 218760, 218820, 223000, 223020, 232160, 650540, 826000, 826080, 826120, 826140, 826160, 826180, 826200, 826220, 826240, 826340, 826360, 1004500, 1004520]}
79 39 {'t': [135020, 210780, 295100, 302820, 302840, 302860, 985660]}
79 285 {'t': [151980]}
79 123 {'t': [204500, 204520, 204540, 204560, 204580, 204600, 204620, 204640, 204660, 204680, 204700, 204760, 204780, 204800, 204820, 204880, 204960, 205000, 205020, 205080, 294060, 294560, 294600, 294840, 655380, 743160, 809620, 810180, 810200, 810220, 810300, 810320, 901140, 902240, 902260, 902280, 902300, 902320, 902340, 902400]}
79 765 {'t': [649320]}
79 662 {'t': [652120]}
79 267 {'t': [655400]}
79 533 {'t': [666480]}
79 154 {'t': [826020]}
79 196 {'t': [832320]}
79 132 {'t': [997940, 997960, 997980, 998000, 998020, 998040, 998060, 998080, 998100, 998120, 998140, 998160, 998180, 998200, 998220, 998240, 998260, 998280, 998300, 998320, 998340, 998360, 998380]}
181 95 {'t': [49640, 913640]}
181 56 {'t': [293980]}
181 194 {'t': [308420, 908040]}
181 120 {'t': [308420]}
181 39 {'t': [310360, 907680, 908040, 924420, 924440, 924580]}
181 223 {'t': [310920]}
181 662 {'t': [379000, 379020]}
181 105 {'t': [390240, 390260, 390280, 390300, 390320, 390520, 390660, 390680, 648860, 648920, 648960, 649000, 649140, 649160, 649340, 649940, 649960, 649980, 650020, 651240]}
181 113 {'t': [390860, 918920]}
181 311 {'t': [392140]}
181 222 {'t': [648360]}
181 154 {'t': [907840]}
181 804 {'t': [922980, 923460, 923480, 923500, 923520, 923540, 923560, 923580, 923600, 923620, 923640, 923660, 923680, 923700, 923720, 923740, 923760, 923780, 923820, 923840, 923860, 923880, 923900, 923920]}
196 150 {'t': [30000]}
196 223 {'t': [44460, 44480, 55660, 133960, 133980, 134220, 134480, 134500, 134520, 134540, 134560, 134580, 134600, 134620, 134640, 134660, 134680, 134700, 135160, 135360, 135380, 135400, 135420, 135440, 135460, 135480, 135500, 135520, 646100]}
196 66 {'t': [44460]}
196 819 {'t': [44500, 44520, 44540, 44560, 653400, 653560, 653580]}
196 120 {'t': [124000, 124020, 124040, 124060, 124080, 124280, 124300, 124320, 127720, 151140, 205880, 745940, 745960]}
196 311 {'t': [133400, 133520, 133560, 133720, 133960, 133980, 134160, 134240, 134280, 134340]}
196 222 {'t': [135860, 135900]}
196 267 {'t': [317080, 317100]}
196 939 {'t': [653300, 653660, 653680, 653700, 653800, 653820, 653840, 653860, 653880, 654020]}
196 533 {'t': [828920]}
196 779 {'t': [926860]}
196 987 {'t': [926920]}
196 205 {'t': [1002860, 1002900, 1002920, 1002940, 1014140]}
56 194 {'t': [33660, 33680, 136720, 136740]}
56 939 {'t': [39660, 294080, 294100, 294160, 294180, 294200, 294220, 294240, 294260, 729600, 729620, 729660, 730620, 730680, 731080, 731220, 733060, 733080, 733200, 733220, 733240, 733260, 733280, 733300, 733320, 733340, 733360, 733380, 733700]}
56 205 {'t': [134760, 134780, 134800, 134820, 135320, 135340, 307320]}
56 819 {'t': [134860, 134980, 135120, 135140, 135360, 135400, 136720, 136740]}
56 786 {'t': [135720, 135740]}
56 95 {'t': [293480, 307360, 307380]}
56 311 {'t': [294220, 294280, 297140, 297180]}
56 105 {'t': [307300]}
56 267 {'t': [307300, 307320, 307340, 307360, 307380]}
56 132 {'t': [309100, 319020, 322780, 653380, 653420, 653460, 653480, 653500, 654440, 654500, 655780, 655800, 655820, 656180, 656980, 661000, 668500, 668520, 668560, 668580, 668600, 668620, 668660, 668680, 668720, 668740, 668940, 668960, 669100, 669120, 669140, 669180, 669200, 669220, 669280, 724800, 825240, 825260, 825280, 825300, 830800, 838580, 839160, 839280, 839620, 842060, 842080, 842120, 842140, 842160, 842200, 842340, 842460, 842480, 842520, 842560, 842620, 842660, 842680, 842700, 842740, 842760, 842800, 842820, 842860, 842880, 842940, 843000, 843040, 843740, 843760, 844020, 844060, 897660, 897780, 897840, 897860, 897880, 897900, 897920, 897960, 898000, 898100, 898120, 898140, 898160, 898200, 898220, 898260, 898300, 898320, 898360, 898380, 898620, 911020, 920580, 922360, 1002940, 1003000, 1003080, 1014560]}
56 154 {'t': [729580]}
56 102 {'t': [730660, 895800]}
56 431 {'t': [732540, 732900, 732920, 733340]}
56 804 {'t': [907020]}
56 791 {'t': [990640, 990660]}
164 311 {'t': [30560, 911020]}
164 123 {'t': [47480, 912180, 912200, 912220, 912240, 912340, 912360, 912380, 912400, 912420, 912440, 912460, 912480, 912500, 912520, 912540, 912560, 912580, 912600, 912620, 912660, 912680, 912700, 912720, 912740, 912760, 912780, 912800, 912820, 912840, 912860, 912880, 912900, 912920, 912940, 912960, 912980, 913000, 913080, 913100]}
164 267 {'t': [120960, 120980, 121000]}
164 603 {'t': [837860, 838000, 839220, 839920, 840040, 841740, 841960, 844640, 844660]}
164 132 {'t': [904740, 904760, 904780, 904920, 905240, 905460]}
164 63 {'t': [906980]}
164 987 {'t': [907200, 907280, 907300, 907320, 907340]}
164 118 {'t': [912700]}
164 533 {'t': [913780]}
164 122 {'t': [913800]}
242 113 {'t': [46920, 47000, 47020, 47040, 316520]}
242 95 {'t': [120600, 394780]}
242 194 {'t': [149400]}
242 311 {'t': [151640, 151780, 396500]}
242 39 {'t': [389520, 389540, 389600]}
223 120 {'t': [34800]}
223 496 {'t': [40320, 41120, 145400, 145460, 145520, 145540, 145600, 145680, 145700, 145720, 145740, 145760, 145780, 145820, 145840, 145860, 145880, 145900, 145920, 145980, 146060, 146080, 146100, 146300, 146320, 222060, 231100, 231120, 231160, 231180, 231200, 231220, 231240, 231260, 231280, 231300, 231320, 231340, 231380, 231400, 231420, 231440, 231460, 231480, 231500, 231520, 231540, 231580, 231600, 231740, 231780, 231800, 231820, 231860, 231880, 231900, 231920, 231940, 231960, 231980, 232000, 317420, 317440, 317520, 317540, 662160, 662560, 662580, 662600, 662620, 662660, 662740, 663220, 986260]}
223 819 {'t': [44480, 44560, 145340, 145360, 145380, 145420, 145460, 145480, 145500, 145520, 145540, 145560, 145580, 145600, 145820, 145860, 145900, 145920, 145940, 145960, 145980, 146000, 146080, 146100]}
223 267 {'t': [48280, 48300, 48320, 48340, 48360]}
223 222 {'t': [48280, 48300, 136340, 648520, 648560, 648580, 648600, 648620, 824300, 824420, 824480, 824920, 1008980]}
223 311 {'t': [50220, 50240, 53540, 134260, 294220, 294240, 294260, 294280, 297180, 297200, 315740, 317020, 392280, 392680, 393180, 393220, 393280, 393320, 393340, 393360, 393380, 394340, 665540, 812760, 837080, 837120, 837140, 925500]}
223 113 {'t': [58400]}
223 205 {'t': [58900, 59340, 59460, 207520, 207540, 207600, 207780, 207940, 207980, 825660]}
223 123 {'t': [123080, 123100, 123120, 123180, 123200, 123240, 123260, 123280, 123300, 123320, 123340, 123360, 123380, 123400, 123420, 123440, 123460, 123480, 123500, 123520, 123540, 123560, 123580, 123600, 123620, 123640, 123660, 123680, 123700, 123720, 123740, 123760, 123780, 123800, 123820, 123840, 123860, 123880, 123900, 123920, 123940, 123960, 123980, 124000, 124020, 124040, 124060, 124080, 124100, 309460, 309480, 309500, 309520, 310680, 314320, 652200, 661920, 825800, 910200, 1007180, 1007240, 1008020]}
223 95 {'t': [134760, 145140, 145160, 984280, 994500]}
223 15 {'t': [149020, 149120, 149140, 149160, 149180, 149200, 224660, 319820]}
223 939 {'t': [295520, 295540, 295560, 295580, 295600, 295640, 295680, 295700, 295720, 295740, 295760, 296180]}
223 662 {'t': [297200, 317820, 393420, 393440, 393460, 393480, 393500, 393520, 393840, 393860, 393880, 393980, 394000, 394680, 662500, 825720, 837080]}
223 102 {'t': [308280]}
223 80 {'t': [392020]}
223 150 {'t': [648640]}
223 601 {'t': [658540]}
223 494 {'t': [821160]}
223 448 {'t': [914240]}
223 63 {'t': [914260]}
223 791 {'t': [914320, 915840, 918140, 918320, 918380, 918400, 918420, 918740, 918760]}
223 39 {'t': [985220]}
223 213 {'t': [989820]}
120 39 {'t': [31560, 31580, 31620, 31640, 31680, 31700, 32020, 32040, 32060, 32080, 32100, 32200, 32260, 32280, 32300, 32320, 32340, 308180, 308520, 308540, 308560, 308580]}
120 819 {'t': [32360, 118600, 118620, 118860, 118920, 118940, 118960, 119120, 119140, 119160, 141380, 141660, 141680, 141880, 141900, 141920, 141940, 141960, 141980, 142340, 290480, 290660, 290680, 290720, 290740, 290800, 290860, 291480, 291500, 637140, 638240, 638260, 638280, 638380, 638420, 661500, 661640, 664020, 664140, 831100, 831120, 831380]}
120 311 {'t': [41520, 41660]}
120 494 {'t': [51000, 51020, 51040, 51060, 51080, 51120, 51140, 51160, 51180, 51200, 51220, 51240, 51260, 51280, 51300, 51320, 51340, 51400, 51420, 51440, 51460, 51480, 51640, 51660, 51680, 51700, 51720, 51740, 51760, 51780, 51800, 51820, 51840, 51860, 51960, 51980, 52000, 52020, 52040, 52060, 52080, 52100, 52120, 52140, 52160, 52180, 52200, 52220, 52240, 52260, 52280, 52300, 52900, 53060, 53080, 53800, 53900, 54660, 54700, 54720, 54740, 54860, 54900, 55040, 55100, 55120, 55200, 55220, 55560, 55580, 55600, 55620, 55640, 55680, 55700, 55740, 55760, 55780, 55800, 55840, 55860, 55920, 56060, 56180, 56200, 56260, 56280, 56380, 56400, 56420, 56440, 56460, 59840, 59860, 59880, 60040, 60720, 60740, 60760, 60780, 60800, 60820, 60900, 61360, 64480, 125960, 125980, 126000, 126020, 126040, 126060, 126080, 126100, 126120, 126140, 126160, 126180, 126200, 126220, 126240, 126260, 126280, 126300, 126320, 126380, 126560, 126580, 126600, 126620, 126640, 126700, 126720, 126740, 135700, 135740, 135820, 135840, 135860, 135900, 135920, 135940, 135960, 135980, 136000, 136040, 136060, 136180, 136200, 136220, 136240, 136260, 136280, 136300, 136320, 136340, 136360, 136380, 140980, 141000, 144980, 146080, 146140, 152000, 152020, 205220, 655240, 656320, 656400, 656440, 656980, 657000, 657020, 657060, 657280, 657520, 657540, 657700, 657720, 657900, 657920, 657940, 657960, 657980, 658000, 658020, 658080, 658100, 658120, 658140, 658840, 658900, 658920, 658940, 659000]}
120 765 {'t': [63500, 63520, 63600, 63680, 63700, 64020, 64040, 64060, 64100, 64120, 64240, 64260, 64280, 64360]}
120 95 {'t': [127020, 127040, 127060, 238680, 238700, 238720, 238740, 238760, 238780, 238800, 238820, 238840, 238860, 238880, 238900, 238920, 238940, 238980, 239000, 239020, 239040, 239060, 239080, 239100, 239120]}
120 267 {'t': [134920]}
120 205 {'t': [135660]}
120 113 {'t': [204960, 291700]}
120 132 {'t': [307860, 307920, 308020, 308040, 308060, 308080, 308200, 308220, 308240, 308300, 308320, 308340, 308360, 308660, 308680, 308700]}
120 194 {'t': [307900, 307920, 307940, 307960, 307980, 308000, 308020, 308040, 308060, 308080, 308100, 308120, 308140, 308160, 308180, 308220, 308280, 308380, 308420, 308440, 308540, 308560, 308580, 308600, 308640, 308660, 308680, 308700, 724940]}
120 662 {'t': [307900, 307920, 307960, 308640, 308660, 308680, 723020]}
120 987 {'t': [308900, 825220, 828080, 926840]}
120 603 {'t': [653500, 653560, 653580]}
120 779 {'t': [724040, 724060, 724080]}
311 118 {'t': [30380, 30400, 30420, 30440, 30460, 30480]}
311 95 {'t': [30380, 30400, 30420, 30440, 30460, 30480, 34020, 34060, 34080, 127420, 127500, 127520, 127560, 127580, 127600, 127620, 127640, 127660, 127680, 127700, 127720, 127740, 127760, 127780, 127800, 127820, 127840, 127860, 127880, 127900, 127920, 127940, 127960, 127980, 128000, 128020, 128040, 128060, 128080, 128100, 128120, 128140, 128160, 128180, 128200, 128220, 128240, 128260, 128280, 128300, 128320, 128340, 128360, 128380, 128400, 128420, 128440, 128460, 128480, 128500, 128520, 128540, 128560, 128580, 128600, 128620, 128640, 128660, 128680, 128700, 128720, 128740, 128760, 128780, 128960, 128980, 129000, 129020, 129040, 129060, 129080, 129100, 129120, 129140, 129160, 129180, 129200, 129220, 129240, 129260, 297100, 313720, 396320, 396740, 405360, 405380, 926640, 926740]}
311 771 {'t': [30440, 220500]}
311 481 {'t': [30720]}
311 194 {'t': [33720, 33800, 60760, 60780, 60800, 61060, 61140, 61160, 61180, 61200, 61220, 62600, 62620, 135620, 137880, 144540, 144660, 144680, 144700, 144720, 144740, 144780, 144800, 144820, 149320, 149740, 149780, 387960, 636620, 647040, 652180, 664840, 664860, 664920, 665000, 726940, 740020, 740500, 740840, 743520, 743540, 743560, 743600, 743900, 749840, 749920, 750140, 752860, 752920, 754420, 755140, 916420, 916440, 916460, 916560, 916580, 916600, 917860, 917880, 1005420, 1005460, 1007700, 1007740, 1007760, 1007780, 1007800, 1007820, 1007840, 1007860, 1007880, 1007900, 1007920, 1007940, 1007960, 1007980, 1008000, 1008020, 1008040, 1008060, 1008080, 1008100, 1008120, 1008140, 1008180, 1008240, 1008280, 1008300, 1008700, 1008720, 1008740, 1008760, 1008820, 1008840, 1008860, 1008880, 1008900, 1008920, 1008940, 1009260, 1009280, 1009480, 1010360, 1012320, 1012340]}
311 786 {'t': [33740, 33760, 33820, 33840, 33860, 33960]}
311 205 {'t': [34040, 34260, 44980, 45080, 45160, 45200, 145000, 822940, 822960, 822980, 823000, 823020, 823040, 823060, 823080, 823100, 823120, 823160, 823180, 823660, 823740, 823760, 823820, 823920, 824000, 824020, 824040, 824060, 824080, 824100, 825260, 825280, 837100, 842540]}
311 496 {'t': [34420, 36500, 36520, 45000, 45180, 46320, 46340, 46360, 46520, 46540, 46560, 46580, 46600, 46620, 46720, 46960, 47020, 47300, 47320, 47340, 47380, 47400, 47640, 47660, 47680, 47760, 47920, 48000, 48020, 48060, 139500, 139580, 139600, 139620, 139640, 139660, 139680, 139700, 139720, 139740, 139760, 139780, 140160, 140180, 140200, 140220, 140480, 140500, 140520, 140540, 140580, 140600, 140620, 140660, 140680, 145120, 145680, 407120, 652180, 652200, 652240, 652260, 652280, 652460, 652480, 652560, 652580, 736400, 736420, 738580, 738600, 738620, 738640, 738800, 738820, 738840, 738880, 995440]}
311 80 {'t': [44980, 46460, 46480, 136200, 217440, 392040, 392220, 650000, 823940, 824460, 824480]}
311 267 {'t': [47380, 47400, 47420, 47460, 47480, 47500, 47520, 47540, 47560, 47580, 47600, 47620, 47640, 47660, 47680, 47700, 47720, 47740, 47760, 47940, 48000, 48020, 739400]}
311 222 {'t': [136380, 136400, 649860, 649880, 822780]}
311 819 {'t': [145040, 313080, 313100, 313120, 653380, 653640, 653660, 915700, 915720]}
311 662 {'t': [217140, 217340, 217480, 222760, 297120, 297200, 316740, 316760, 316780, 316800, 821240, 831200, 835880, 835900, 835920, 835960, 837080, 914800, 914820, 914840, 914860, 914880, 914900, 914920, 914940, 914960, 914980, 915000, 915020, 915040, 915060, 915080, 915100, 915300, 915320, 915640, 915660, 915900, 922820]}
311 335 {'t': [220500, 306780]}
311 50 {'t': [293360, 309540, 311560, 311580, 311840, 311920, 312240, 640700, 640740, 640760, 640780, 640900, 640940, 640960, 640980, 641000, 641120, 641140, 641160, 641180, 641200, 641220, 646220, 814160, 814180, 814200, 814220, 814260, 814280, 814300, 814320, 814340, 814420, 814440, 814460, 814480, 814500, 814520, 814540, 814560, 814580, 814600, 814620, 814640, 814660, 814680, 814700, 814720, 814740, 814760, 814780, 814800, 814820, 814840, 814860, 814880, 814900, 814920, 814940, 814960, 814980, 815000, 815020, 815040, 815060, 815080, 815100, 815120, 815140, 815160, 815180, 815200, 815220, 815240, 815260, 815280, 815300, 815320, 815340, 815360, 815380, 815400, 815420, 815440, 815460, 815480, 815500, 815520, 815540, 815560, 815580, 815600, 815620, 815640, 815860, 816080, 816120]}
311 48 {'t': [293360]}
311 116 {'t': [316720, 316740]}
311 123 {'t': [399460, 399480, 400380, 404580, 404640, 405100, 405140, 405160, 405260, 405280, 405380, 405420, 405440]}
311 275 {'t': [649820, 649860, 649880, 650040, 650060]}
311 213 {'t': [649900, 824500]}
311 939 {'t': [653360, 899240, 899260, 899280]}
311 804 {'t': [824620, 923200, 989360]}
311 211 {'t': [836000]}
311 134 {'t': [908360, 908480]}
311 765 {'t': [908380]}
496 205 {'t': [44580, 44920, 44940, 44980, 45000, 45020, 45040, 45060, 45080, 45100, 45140, 45160, 45180, 45200, 45220, 45240, 45260, 45280, 45300, 45320, 45340, 45420, 48040, 653740, 653780]}
496 134 {'t': [44820, 297200]}
496 222 {'t': [45160, 45320, 738680, 738740, 738820, 738840, 738860, 738880, 738900, 738960, 738980, 739000, 739020, 739760, 739860, 740040]}
496 267 {'t': [47600, 47620, 47640, 47660, 47680, 47840, 47860, 47880, 48000, 48020, 316880, 316920, 750200, 750400, 750420, 829780]}
496 15 {'t': [59100, 59120, 59140, 59700]}
496 95 {'t': [59100, 145120]}
496 17 {'t': [134860]}
496 819 {'t': [146120, 146160, 146180]}
496 662 {'t': [217340, 316920, 317420, 662700]}
496 132 {'t': [317840]}
496 194 {'t': [381780, 382220]}
496 275 {'t': [649900]}
496 786 {'t': [727000, 733420, 733440]}
496 113 {'t': [812620]}
496 804 {'t': [823380]}
496 211 {'t': [825640]}
496 39 {'t': [900900, 900920, 900940]}
496 987 {'t': [1002440]}
132 194 {'t': [307820, 307920, 308040, 308180, 308200, 308220, 308240, 308280, 308300, 308320, 308580, 308600, 308680, 308700, 638280]}
132 662 {'t': [307860, 307920, 308020, 308380]}
132 603 {'t': [308200, 903200]}
132 63 {'t': [389820]}
132 48 {'t': [389840]}
132 119 {'t': [904860, 904880]}
132 779 {'t': [910940]}
819 95 {'t': [40560, 913720, 913780, 913860, 913880, 914120]}
819 39 {'t': [118040, 118060, 896040, 896740]}
819 205 {'t': [145100, 145120, 910760, 910780]}
819 779 {'t': [291640, 896740, 896780, 896880, 896900, 896920, 897200, 897260, 897280, 897300, 897340, 914620, 915660, 915720, 922960, 922980]}
819 987 {'t': [292740, 292780, 316260, 828020, 926860]}
819 939 {'t': [649480, 649500, 649520, 653180, 653200, 653220, 653240, 653840, 654180]}
819 662 {'t': [827660, 827680, 827700, 827800, 827840, 827860, 827900, 827920, 827940]}
603 21 {'t': [34040]}
603 267 {'t': [120920, 120940, 985020]}
603 448 {'t': [295180]}
603 791 {'t': [400500, 912660, 912700, 912740]}
603 153 {'t': [752800]}
603 95 {'t': [755260, 755300, 755320, 755340, 755360, 755400, 755460]}
267 222 {'t': [34580, 34600, 34620, 34640, 34660, 48080, 48120, 48140, 48220, 48280, 48300, 48320, 48340, 48680, 48700, 48720, 48740, 48980, 49000, 49100, 49140, 49160, 49520, 49540, 49600, 49640, 49660, 51960, 52980, 53160, 53200, 53220, 53600, 53840, 54080, 54100, 54120, 54140, 59820, 59840, 59860, 59880, 59900, 59920, 59940, 59960, 60020, 60140, 60160, 60280, 60300, 60320, 60340, 60360, 60380, 60400, 60420, 60440, 60460, 60480, 62660, 62680, 62700, 62720, 62740, 123300, 123320, 124500, 124520, 124800, 126700, 214880, 661060, 661080, 668840, 668880, 727580, 727600, 727620, 727700, 727800, 727820, 727900, 727920, 728320, 731840, 731880, 734140, 734380, 754020, 755460, 755500, 821040, 831300, 831480, 831680, 840120, 986900, 986920, 987000, 987300, 987380, 987460, 987480, 987500, 989760, 989860, 990740, 990760, 990800, 990840, 990880, 990900, 990920, 994700, 994820, 994840, 994860, 994880, 994900, 994920, 994960, 994980, 995000, 995020, 995040, 995260, 995300, 995320, 995340, 995380, 1003300, 1003320, 1003340, 1004180, 1004200, 1004440, 1004460, 1007280, 1007380, 1007940, 1008200, 1008260, 1008280, 1010640, 1011980]}
267 205 {'t': [47460, 47500, 47660, 47680, 47700, 295040, 303300, 303360, 303420, 303480, 307300, 309160, 316840, 316860, 316880, 401800, 401920, 401960, 402660, 402700, 402720, 402740, 402760, 402780, 402800, 402820, 402840, 402860, 402880, 402900, 402920, 402940, 402960, 402980, 403020, 403300, 403320, 403340, 403400, 403440, 403460, 403480, 403500, 403520, 403540, 403560, 403580, 403620, 403640, 403660, 403720, 403740, 403760, 748400, 811820, 811840, 812240]}
267 39 {'t': [49880, 297220, 811920]}
267 939 {'t': [139460, 307320]}
267 105 {'t': [297300, 303360, 309180, 381040]}
267 116 {'t': [307280]}
267 95 {'t': [307360, 307380, 748780, 748800, 748820]}
267 662 {'t': [317040]}
267 15 {'t': [317900]}
267 211 {'t': [380100, 380120, 380160, 380180, 380200, 380220, 380240, 380260, 380300, 380320, 380380, 380400, 725520]}
267 63 {'t': [403620]}
267 134 {'t': [655300]}
222 80 {'t': [44180, 44420, 44760, 44780, 44800, 44820, 44840, 44860, 45040, 45060, 45080, 45120, 45140, 45260, 45360, 45900, 46340, 47460, 47480, 47640, 649860, 652520, 652720, 652740, 652820, 652880, 652900]}
222 179 {'t': [47680, 47700]}
222 116 {'t': [136400]}
222 431 {'t': [136460]}
222 211 {'t': [208300]}
222 601 {'t': [220780, 220800, 220820]}
222 123 {'t': [235300, 235320, 235380, 235440, 235460]}
222 95 {'t': [238620, 238640, 238660, 838640, 838660, 838680, 838700, 838800, 838820, 838840, 838900, 838940, 839000, 839060, 990860]}
222 154 {'t': [640280]}
222 63 {'t': [648520]}
222 275 {'t': [649860, 649920]}
222 271 {'t': [650720]}
222 765 {'t': [746980]}
222 662 {'t': [822420]}
222 39 {'t': [1004480]}
205 21 {'t': [30060, 30460]}
205 153 {'t': [30520]}
205 95 {'t': [34020, 127080, 127280, 297300]}
205 39 {'t': [44480, 50060, 50080, 50100, 50120, 50140, 63180, 63200, 63220, 396900, 906920]}
205 939 {'t': [213560, 213580, 213600, 213680, 213700, 213720, 213740]}
205 63 {'t': [403620]}
205 662 {'t': [637720, 836100, 836120, 836140, 897220]}
205 285 {'t': [983500, 983520]}
662 80 {'t': [217280, 649900]}
662 771 {'t': [220500]}
662 101 {'t': [220500]}
662 194 {'t': [294700, 294720, 294740, 307860, 307880, 307920, 307940, 307960, 308000, 308020, 308380, 308580, 308600, 308620, 308640, 308660, 638140]}
662 134 {'t': [297200]}
662 39 {'t': [307900, 307920, 307940, 308120, 308140, 308180, 308200, 308580, 379040, 379060, 379080, 379100, 379120, 379160, 379180, 379200, 379220, 379240, 379280, 379300, 379380, 379400, 652220, 652460, 814960, 896740, 919560, 919580, 985720]}
662 113 {'t': [308000]}
662 939 {'t': [637640, 637680, 637700, 653660]}
662 63 {'t': [657720]}
662 95 {'t': [833460, 833540, 833560, 833600, 833620, 833640, 833660, 833680, 833700, 833720, 833740, 833800, 913480]}
662 211 {'t': [835980]}
662 779 {'t': [896860, 896880]}
113 105 {'t': [41000, 41600, 41680, 42020, 42080, 42480, 43520, 43700, 43720, 43740, 44680, 210640, 210660, 210760, 210780, 210800, 210820, 210860, 210900, 210920, 211000, 211020, 211040, 211060, 211080, 211100, 211120, 211140, 211160, 211180, 211200, 211220, 211240, 211260, 211280, 211300, 211320, 211340, 211360, 211540, 211560, 211580, 211600, 211620, 211640, 211660, 211680, 211700, 211720, 211760, 211780, 211800, 211820, 211840, 211940, 211960, 212040, 212260, 212280, 212300, 212320, 212360, 212380, 212400, 212520, 212560, 212580, 212600, 212620, 212640, 212740, 212760, 212780, 212800, 212820, 212840, 212860, 212880, 212900, 212920, 212940, 212960, 212980, 213000, 213020, 213040, 213100, 213180, 213300, 213320, 213740, 213760, 213780, 213800, 213820, 213860, 213880, 213900, 213960, 213980, 214020, 214040, 214080, 214120, 214480, 214560, 214620, 214700, 214720, 214740, 214760, 214780, 214820, 214860, 214880, 214900, 214920, 214940, 214960, 215060, 317760, 317780, 322260, 390260, 391120, 391300, 391340, 392040, 392180, 392220, 392260, 392280, 392380, 392600, 392640, 659860, 662140, 662200, 662220, 662260, 662300, 663580, 664300, 664320, 664340, 664360, 664380, 664420, 665340, 733400, 734020, 919840, 919860, 919900, 919920, 919940, 919960, 919980, 920000, 920020]}
113 39 {'t': [45320, 45340, 45560, 203900, 203920, 204920, 204940, 204980, 205000, 205160, 205180, 205200, 205220, 205240, 205260, 205280, 205300, 302560, 302660, 302680, 302700, 303900, 303920, 303940, 303960, 303980, 304000, 304060, 668520, 810780, 810800, 810820, 810840, 812080, 812160, 812220, 812260, 820900, 820920, 896580]}
113 194 {'t': [46940, 47020, 47060, 303060, 303120, 303900, 303920, 303940, 637400, 640380, 897300, 897320, 897340, 897540, 897560, 897600, 897700, 901140, 926980, 927000]}
113 95 {'t': [309840]}
113 779 {'t': [896580]}
113 939 {'t': [899660, 899680, 899720, 899740, 899760, 899780, 899800, 899820]}
123 95 {'t': [34180, 63620, 63640, 63660, 63680, 63700, 63720, 63740, 63760, 63780, 120260, 297720, 297740, 297760, 297780, 297800, 297820, 297840, 297860, 297880, 297920, 297940, 297960, 297980, 298000, 298020, 298040, 298060, 298080, 298100, 298120, 298140, 298160, 298180, 298200, 298220, 298240, 298260, 298280, 298300, 298340, 298360, 298380, 298400, 300300, 300420, 300480, 300500, 300680, 300700, 300780, 300800, 315580, 315840, 316400, 316420, 316440, 316460, 316480, 316560, 316580, 316700, 316860, 316960, 316980, 317520, 317540, 317560, 318800, 319820, 389800, 397660, 400320, 400340, 402440, 405180, 405340, 405360, 667200, 667220, 667240, 667260, 667280, 667300, 667320, 667340, 667360, 667380, 667400, 667420, 667440, 667460, 667480, 667500, 667520, 667540, 667560, 667580, 667600, 914260]}
123 116 {'t': [35620]}
123 15 {'t': [63660, 124160, 124180, 208140, 208160, 208740, 209640, 209660, 209720, 210060, 210080, 210100, 210120, 210140, 210160, 212080, 387240, 411080, 411320, 411500, 411540, 411560, 411580, 411840, 411860, 411880, 727340, 727360, 727380, 824080, 924220, 924440, 924660, 925600, 927440, 927460, 927520]}
123 492 {'t': [119980]}
123 335 {'t': [295500]}
123 194 {'t': [296140]}
123 804 {'t': [739580]}
123 39 {'t': [824120, 897820, 897840, 900740, 900860]}
123 765 {'t': [911780]}
123 150 {'t': [992680, 992700, 992720, 992760, 992780, 992800, 992820, 992900, 992920, 992940, 992960, 993020, 993040, 993060, 993080, 993100, 993120, 993280, 993300, 993320, 993340, 994720]}
123 153 {'t': [994680, 994700]}
123 271 {'t': [994700]}
123 533 {'t': [1002100]}
39 804 {'t': [64200]}
39 95 {'t': [120480, 120500, 1000280, 1004100, 1008900, 1008940, 1008960, 1008980, 1009000, 1009080, 1009260]}
39 194 {'t': [303800, 303820, 303840, 303860, 303900, 303940, 303960, 303980, 304020, 304060, 307920, 307940, 308120, 308180, 308520, 308540, 308560, 308580, 308600, 907820, 908020, 908040, 911500, 911520, 911580, 911660, 911680, 911700, 911720, 911740, 911760, 912080, 912100, 912120, 912140, 912180, 912200, 912220, 1000140]}
39 119 {'t': [840360, 840380, 840460, 840480]}
39 779 {'t': [896280, 896320, 896360, 896420, 896440, 896560]}
39 87 {'t': [911540, 911560]}
779 939 {'t': [725440]}
779 63 {'t': [729860]}
779 194 {'t': [738300]}
779 105 {'t': [904000]}
779 987 {'t': [911020]}
95 118 {'t': [30380, 30400, 30420, 30440, 30460, 30480]}
95 80 {'t': [30380]}
95 771 {'t': [30440, 30460, 30480]}
95 15 {'t': [33560, 43180, 43260, 43280, 43300, 43420, 43440, 43460, 43480, 43580, 43600, 43680, 58620, 59720, 63660, 121160, 121180, 121520, 121540, 121560, 121780, 121840, 149820, 149840, 149860, 149880, 149900, 149920, 149940, 149960, 149980, 150000, 150020, 308360, 308420, 309160, 309180, 319140, 324940, 324960, 325020, 325080, 325100, 325220, 325300, 732380, 732400, 732420, 732440, 732460, 732520, 732580, 732600, 732620, 732640, 732660, 732680, 732720, 732740, 732820, 732860, 732900, 732920, 732940, 732960, 733000, 733020, 733040, 733060, 733080, 733100, 733120, 733140, 733160, 733180, 733200, 733220, 733240, 733260, 733440]}
95 194 {'t': [43560, 43640, 43660, 43680, 62440, 62460, 62480, 62500, 62520, 62540, 62560, 62580, 62600, 62700, 62720, 62740, 62760, 136400, 136420, 136440, 136460, 293440, 293460, 293480, 293520, 293660, 293680, 651760, 651780, 651860, 651880, 651900, 651920, 651960, 651980, 652000, 652020, 652040, 652060, 652080, 652100, 652120, 652140, 733960, 733980, 897940, 926320, 926680, 926700, 926720]}
95 786 {'t': [49960]}
95 116 {'t': [210900]}
95 63 {'t': [229200]}
95 765 {'t': [303860, 303880]}
95 939 {'t': [307360, 307380, 897820, 897840]}
95 494 {'t': [318920]}
194 786 {'t': [33720, 33780, 33800, 33820, 33860, 33880, 33960, 33980, 43480, 120040, 120060, 986380, 986420, 986440, 986460, 986720, 986740, 986760, 986780, 986800, 986820, 986840, 986860, 986880, 986920, 986940, 986960, 987480]}
194 939 {'t': [308640, 724820, 897920]}
194 765 {'t': [388440, 388460, 388480, 388520, 388540, 388560, 388580, 388600, 388620, 388640, 388660, 388680, 388700, 388720, 388740, 725140, 726220, 726240, 726260, 726280, 726940, 747440, 747460, 747500, 747720, 747740, 747760, 747800, 747820, 747880, 750960, 750980, 751000, 751020, 751040, 751060, 751120, 751200, 986400, 986420, 1002880, 1002900]}
194 987 {'t': [905480]}
194 804 {'t': [923200, 923220, 923240, 923260, 923280, 923300, 923420, 989120, 989140, 989160, 989280, 989300, 989320, 989340, 989360, 989380, 989400, 989420, 989440, 989460, 989480, 989500, 989520, 989540, 989560, 989580, 1012720]}
786 765 {'t': [50480, 50500, 50740, 50760, 51580, 51800, 51820, 51840, 51880, 51960, 51980, 52000, 52020, 52080, 52120, 52220, 52240, 52260, 52900, 52980, 53140, 53320, 53340, 53360, 54000, 54280, 54400, 54420, 54440, 54520, 54540, 54880, 54900, 54920, 54940, 54960, 54980, 55160, 55180, 55200, 55240, 55260, 55280, 55300, 55320, 55420, 55480, 56100, 56120, 56140, 56180, 56300, 56320, 56340, 56380, 56460, 56480, 56500, 56540, 56600, 56620, 56680, 56700, 121860]}
786 494 {'t': [726940]}
494 765 {'t': [43820, 43840, 43940, 45600, 132460, 303900, 390140, 390160, 390180, 390200, 390220, 390240, 392040, 393140, 393180, 393200, 393220, 393240, 393260, 393280, 649440, 651980, 736980, 737020, 737080, 821320, 824840, 824860]}
494 80 {'t': [45460, 45480, 45500, 45520, 391980]}
494 134 {'t': [649460]}
765 80 {'t': [44520, 44540, 44620, 44660, 44680, 44700, 44720, 45080, 45100, 45120, 45260, 45300, 45320, 45340, 45380, 45400, 45420, 45440, 45460, 45480, 45500, 45520, 46580, 996960]}
765 134 {'t': [649440, 908300, 908360]}
765 63 {'t': [731940]}
765 271 {'t': [740980]}
765 804 {'t': [996920, 996940, 996960]}
987 153 {'t': [148880, 825320]}
939 154 {'t': [126880]}
939 448 {'t': [134940]}
939 153 {'t': [820980]}
87 63 {'t': [900820]}
87 875 {'t': [918640]}
213 211 {'t': [392420, 824880, 824900, 824920, 824940, 824960, 824980, 825000, 825020, 825040, 825060, 825080, 825100, 825120, 825140, 825160, 825180, 825200, 825220, 825240, 825260, 825280, 825300, 825320, 825340, 825360, 835800, 843720]}
213 150 {'t': [403060]}
213 63 {'t': [727940, 728000]}
213 80 {'t': [998960]}
211 119 {'t': [123940]}
211 116 {'t': [209480, 209520, 222600, 222620, 222660, 222680, 229220, 229240]}
211 762 {'t': [748060, 748120]}
211 80 {'t': [807900]}
211 335 {'t': [839660]}
211 804 {'t': [843480, 843500]}
116 762 {'t': [54600, 123580, 294840, 311760, 311780]}
116 481 {'t': [56060, 56280]}
116 335 {'t': [123560, 123580, 294660, 294680, 294800]}
116 63 {'t': [135580, 135620, 135640, 135660, 135680, 135700, 135720, 135760, 135780, 135800, 135820, 135840, 135860, 135880, 135940, 136020, 136040, 136060, 136080, 136100, 136120, 136140, 136160, 136180, 136200, 136220, 136240, 136260, 136280, 136300, 136320, 136340, 221880, 221900, 221920, 221940, 221960, 221980, 222000, 222020, 222040, 222060, 222140, 222160, 222280, 222760, 222820]}
116 709 {'t': [222000, 222020, 222160, 222840, 226060, 233140]}
116 150 {'t': [232080]}
116 134 {'t': [296920]}
116 771 {'t': [311300]}
209 48 {'t': [44080, 44100, 44120, 44380, 44560, 44580, 44600, 44620, 408060, 639540, 645940, 646000, 751720, 751880, 751920, 751940, 751960, 910360, 910480, 925880, 925900, 925920, 925940, 925960, 998580, 998620]}
209 179 {'t': [44320, 44340, 841980, 842000, 842020]}
209 17 {'t': [44340, 217000, 738660]}
209 66 {'t': [44360, 44480, 44520, 44540, 44620]}
209 134 {'t': [44620]}
209 285 {'t': [48240]}
209 21 {'t': [49060, 49140]}
209 875 {'t': [126800, 396920, 982960, 982980, 994200]}
209 118 {'t': [147740, 220660]}
209 150 {'t': [206840]}
209 804 {'t': [206920, 308380, 308400, 994200]}
209 50 {'t': [216960, 216980, 217000]}
209 771 {'t': [308420]}
209 119 {'t': [396280]}
209 275 {'t': [735820]}
209 101 {'t': [810640]}
938 492 {'t': [28820]}
938 240 {'t': [60180, 142540, 142560, 145040, 145080, 895400, 1009880, 1009900]}
938 804 {'t': [140360, 140380, 140400, 140420, 140440, 140520, 140540, 140620, 141780]}
938 431 {'t': [736460, 736480]}
938 875 {'t': [1011760]}
875 285 {'t': [48280, 48300, 48320, 48340, 48360, 48380, 48440, 48460, 48480, 48580, 48620, 48760, 48920, 126280, 899380, 899420, 899440, 899460, 899480, 899500, 899520, 899600, 899620, 899640, 899700, 899720, 899740, 899760, 901780, 901920, 902020, 902080, 902100, 902120, 902140, 902160, 902180, 902200, 916980, 917700, 917800, 1005040]}
875 275 {'t': [48380]}
875 119 {'t': [49100, 918640]}
875 50 {'t': [50920, 57320, 303400, 385320, 385660, 385720, 385820, 668360, 668380, 668400, 668420, 730020, 730040, 730060, 730080, 730100, 730120, 811900, 812000, 812020, 812060, 812120, 816840, 908000, 908020, 908040, 908060, 908080, 908140, 994040, 994060]}
875 762 {'t': [56980, 57060, 57360, 306720, 641560, 641760, 641860]}
875 48 {'t': [120440, 144280, 637420]}
875 80 {'t': [121180, 663620, 663640, 663680, 663700, 663740, 663760, 663780, 664000, 810320]}
875 17 {'t': [143900, 726680, 747440, 810300, 810320, 811680, 811900]}
875 179 {'t': [222480, 222500]}
875 431 {'t': [308280, 308320]}
875 784 {'t': [308340, 821160, 913180]}
875 102 {'t': [658920, 747320, 812300]}
875 134 {'t': [726500, 726540, 726560, 726580, 726600, 726620, 726640, 907980, 908000, 908020, 908040, 908060, 908080, 908100, 908120, 908140, 908160, 908180, 908200]}
875 804 {'t': [810180, 810200, 810640, 810660, 810680, 810700, 810740, 810760, 810780, 810800, 810820, 810860, 810880, 810900, 810920, 810960, 811000, 811020, 811040, 811100, 811120, 811140, 811160, 811180, 832280, 994200]}
875 101 {'t': [810300, 810400, 810420, 810440, 810460, 810480, 810500, 810520, 810540, 810560, 810580, 810600, 810620]}
875 335 {'t': [810640]}
875 21 {'t': [814700, 994180]}
179 21 {'t': [30640, 220340]}
179 50 {'t': [34580, 821220]}
179 17 {'t': [44340, 44540, 47740, 47760, 652060, 652240]}
179 102 {'t': [44560, 44580, 44600, 44620, 824720]}
179 66 {'t': [47580]}
179 48 {'t': [47720, 47740, 47800, 47820, 47840]}
179 335 {'t': [216920]}
179 101 {'t': [640980, 641040, 641080, 641280, 641400, 641420, 641440, 641460, 641480, 641500, 641520, 641540, 641560, 641580, 641620, 641640, 641660, 641700, 641720, 641760, 641780, 641800, 641820, 641840, 641860, 641880, 641900, 641920, 641940, 641960, 641980, 642000, 642020, 642040, 642060, 642080, 642100, 642120, 642140, 642160, 642180, 642200, 642220, 642240, 642260, 642280, 642300, 642320, 642340, 642360, 642380, 642400, 642420, 642440, 642460, 642480, 642500, 642520, 642540, 642560, 642580, 642600, 642620, 642640, 642660, 642680, 642700, 642720, 642740, 642800, 642820, 642840, 642860, 642880, 642900, 642920, 642960, 642980, 643000, 643020, 643040, 643060, 643080, 643100, 643120, 643140, 643160, 643180, 643200, 643220, 643240, 643260, 643280, 643300, 643320, 643340, 643360, 643380, 643400, 643420, 643440, 643460, 643480, 643500, 643520, 643540, 643560, 643580, 643600, 643620, 643640, 643660, 643680, 643700, 643720, 643740, 643760, 643780, 643800, 643820, 643840, 643860, 643880, 643900, 643920, 643940, 643980, 644000, 644020, 644040, 644060, 644080, 644100, 644120, 644140, 644160, 644180, 644200, 644220, 644240, 644260, 644280, 644300, 644320, 644340, 644360, 644380, 644400, 644420, 644440, 644460, 644480, 644500, 644520, 644540, 644560, 644580, 644600, 644620, 644640, 644660, 644680, 644700, 644720, 644740, 644760, 644780, 644800, 644820, 644860, 644880, 644900, 644920, 644960, 644980, 645060, 645080, 645120, 645140, 645160, 645180, 645220, 645240, 645380, 645400, 645420, 645440, 645560, 645660, 645680, 645720, 645740, 645780, 646000, 646100, 646140, 646160, 646260, 646280, 646300, 646320, 646340, 646360, 830660, 830680, 830740, 830760, 830780, 830800, 830820, 830840, 830860, 830880, 830920, 830940, 830960, 831020, 831040, 831060, 831080, 831100, 831120, 831140, 831160, 831180, 831200, 831220, 831240, 831260, 831280, 831300, 831320, 831340, 831360, 831380, 831400, 831420, 831440, 831460, 831500, 831520, 831540, 831560, 831580, 831600, 831620, 831640, 831840, 831860]}
179 804 {'t': [739560, 811080, 827900, 827920, 828040]}
179 134 {'t': [739800, 739860]}
80 118 {'t': [30400]}
80 48 {'t': [48120, 389840]}
80 762 {'t': [55760]}
80 771 {'t': [117660, 140600]}
80 153 {'t': [134980]}
80 335 {'t': [138120, 138440]}
80 21 {'t': [217080]}
80 102 {'t': [293820, 828500, 828520, 899340, 983340]}
80 431 {'t': [305100]}
80 804 {'t': [383440, 824860, 997120]}
80 50 {'t': [386220, 388040, 388060, 827840, 827860, 827880, 827900, 827920, 827940, 827960, 828200, 828220, 828580, 828600, 828740, 829300, 829340, 829360, 829640, 918220, 991680, 991760]}
80 240 {'t': [390020, 390060]}
80 101 {'t': [641000]}
80 134 {'t': [649200]}
80 275 {'t': [650080]}
80 285 {'t': [914200, 914220, 914240, 914260, 914280, 914340, 914360, 914380, 914460]}
80 17 {'t': [985080, 985440, 985460, 985480]}
21 150 {'t': [30020, 30060, 31900, 32300]}
21 431 {'t': [34500]}
21 66 {'t': [44560, 44600, 44620, 47500, 47920, 47980, 48000, 49000, 49220, 49300, 49560, 49620, 49640, 49660, 49680, 49740, 49760, 49780, 49800, 50200, 50240, 50400]}
21 48 {'t': [44580, 47860, 49300, 49740, 49800, 49980]}
21 17 {'t': [47860, 50400]}
21 101 {'t': [210920, 213080, 213200, 220220, 220300, 220320, 220720, 223120, 821680, 821700, 821720, 827240, 827260, 827300, 827340, 827400, 827420, 828420, 828440, 828460, 841940, 841960]}
21 804 {'t': [730520]}
101 17 {'t': [208540, 208560]}
101 431 {'t': [653840, 654080, 746460, 746480]}
101 511 {'t': [727040, 727060, 727080, 727100, 727180, 727260, 727300, 727320, 727340, 727360, 727380, 727400, 727440, 727460, 727480, 727500, 727560, 727580, 727600, 727620, 727640, 727660, 727680, 727700, 727740, 727760, 727780, 727800, 727840, 727860, 727940, 728040, 728060, 728080, 728100, 728140, 728160, 728180, 728200, 728220, 728240, 728280, 728320, 728340, 728360, 728400, 728440, 728460, 728500, 728520, 728560, 728640, 728660, 728680, 728840, 728940, 729060, 729120, 729140, 729160, 729300, 729320, 729340, 729360, 729460, 729500, 729560, 729600, 729660, 729680, 729700, 729720, 729760, 729840, 729900, 732720]}
101 134 {'t': [753000]}
101 102 {'t': [753520]}
101 804 {'t': [810740]}
48 17 {'t': [44280, 44340, 47860, 738760, 738780, 811440, 811460, 811660]}
48 66 {'t': [44500, 44520, 44540, 44560, 44640, 48040, 48180, 48900, 48920, 48980, 49000, 49220, 49280, 49300, 49320, 49620, 49660, 49680, 49700, 49740, 49760, 49780, 49800, 49820, 49840, 49860, 49880, 49900, 49920, 49940, 49960, 49980, 50400]}
48 134 {'t': [44620, 739860, 739880]}
48 804 {'t': [47680, 811040, 811080, 811120]}
48 50 {'t': [293380, 293400, 739880]}
48 431 {'t': [738680]}
511 804 {'t': [47680, 47700, 47760, 47780, 47820, 47840, 47860, 47880, 47900, 47920, 47940, 47960, 325920, 405900, 811100, 811160, 923960, 923980, 924000, 1001520, 1001540, 1001560, 1001580, 1001600]}
511 335 {'t': [50920]}
511 762 {'t': [124140, 405520, 405600, 405640, 406000, 816400, 1008260]}
511 771 {'t': [126720, 295800]}
102 17 {'t': [44480, 44580, 44600, 44620, 57520, 57680, 57700, 753520, 753540, 842000, 842020, 842060, 842080]}
102 66 {'t': [44520, 44540, 44560, 44580, 44600, 44620, 47480]}
102 271 {'t': [47920]}
102 601 {'t': [47920]}
102 240 {'t': [48680, 48700]}
102 50 {'t': [50040, 659420, 659440, 659460, 659480, 659500, 659520, 659540, 659580, 659660, 660240, 660260, 660280, 732740, 732760, 732940, 733080, 733100, 733120, 733160, 737580, 737740, 812860, 813260, 813920, 813940, 820640, 820680, 828500, 828520, 828540, 828560, 897660, 998700]}
102 335 {'t': [121400, 121420, 137260, 137360, 727560, 753540]}
102 762 {'t': [143300, 296420, 653860]}
102 771 {'t': [295360, 295380]}
102 448 {'t': [723680]}
102 804 {'t': [730920, 731020, 731060, 731140, 731160, 731520, 731540, 731560, 731580, 731600, 733600, 733700, 733900, 734420, 734500, 735300, 735320, 735440, 737300, 737320, 737340, 737680, 737740, 986400]}
762 285 {'t': [36600, 36620, 36720, 36740, 36760, 36860, 37300]}
762 150 {'t': [37420, 37440, 37460, 37480, 37500, 399000, 399100]}
762 771 {'t': [38500, 118240, 118620, 118640, 131380, 131760, 131780, 133300, 133860, 139660, 300340, 300360, 300380, 312180, 312200]}
762 119 {'t': [50540, 128800, 128840, 128860, 128940, 292240, 292260, 661540]}
762 17 {'t': [54140, 54440, 54460, 144580, 144600]}
762 134 {'t': [54140, 293960, 312380, 312420, 312440, 312460]}
762 275 {'t': [55760]}
762 335 {'t': [129480, 129540, 136540, 136620, 137000, 137040, 137060, 137100, 137120, 137300, 137840, 138920, 138940, 140220, 140280, 294580, 294600, 294620, 296280, 297800, 300700, 306680, 311560, 744180, 744200, 819320]}
762 784 {'t': [139680, 140100, 992740, 992760, 992780]}
762 50 {'t': [293780, 293800, 386240, 386300, 386960, 407760, 407780, 830840, 830860, 830900]}
762 804 {'t': [399100, 404100, 407120]}
762 240 {'t': [643700]}
66 17 {'t': [44380, 44400, 44420, 44440, 44460, 44480, 44500, 44520, 44540]}
66 804 {'t': [47860]}
134 240 {'t': [44780, 44800, 44860, 49720]}
134 285 {'t': [44840, 44860, 53080, 122080, 122100, 122120, 123440, 123500, 123520, 123580, 123880, 123900, 124140, 909520, 909540, 909560, 909580, 909600, 909620, 909640, 909660, 909700, 909720, 909740, 909840, 909860, 909920]}
134 784 {'t': [293940, 293960, 293980, 294000, 294020, 649280, 649300, 901500, 901520, 901540, 901580, 901620, 901640, 901680, 901700, 901720, 901760, 901780, 901800, 901820, 901840, 901860, 901880, 901900, 901960, 901980, 983400]}
134 804 {'t': [296940, 738740, 738820, 739460]}
134 431 {'t': [305460, 305480, 305500, 305520, 305540, 305580, 317540, 318440, 318480, 740200, 740220, 740240, 740260, 740280, 740360, 740400, 740420, 740440, 740460, 740480, 909520]}
134 50 {'t': [307100, 307140, 756040, 756060, 907960, 907980, 908000, 908300, 908400, 909520, 909580, 909600, 909620, 909640, 909700, 909720, 909760, 909780, 909840, 926080, 926100]}
134 119 {'t': [310900]}
134 275 {'t': [317540]}
134 17 {'t': [739800, 739880, 739900, 926080, 926100]}
134 709 {'t': [989140]}
17 771 {'t': [50600, 222520, 224840, 231400]}
17 335 {'t': [144020, 144060, 144100, 144120, 144220, 144240, 144300, 144320, 150920, 753640, 810220, 811200, 811560]}
17 50 {'t': [210560, 216700, 216720, 216740, 652280, 739880, 748760, 926080]}
17 804 {'t': [810460, 810480, 810640, 810740, 810760, 810780, 810800, 810820, 810840, 810860, 810940, 811040, 811060, 811180]}
119 275 {'t': [42400, 50120, 55100, 55120, 55940, 55960, 309360, 319320, 319340, 320520, 320600, 320620, 826840, 826860]}
119 335 {'t': [42580, 221560, 221580, 221600, 221620, 221760, 310920]}
119 448 {'t': [123260, 123320, 123340, 126380, 126400, 128000, 128220, 128500, 128520, 128560, 128660, 136420, 136440, 136460, 136480, 152680, 152700, 152720, 296260, 296280, 657140, 657240, 657260, 661820]}
119 804 {'t': [127140, 231300, 290600, 290620, 309520, 319240, 378340, 387300, 807140, 829920, 829940, 839400, 840320, 896000, 896020, 896040, 896080, 896100, 898760, 903960, 903980, 904200]}
119 533 {'t': [152680, 152700, 311600, 311620, 311640, 311660, 311780, 311880, 312420, 312660, 313020, 313040, 313060, 314080, 314100, 314120, 314140, 314160, 314180, 314200, 314220, 314520, 315420, 315520, 315600, 315620, 315640, 315740, 315960, 316060, 316080, 316120, 316160, 316280, 316300, 316320, 316340, 316380, 316720, 658940, 658960, 661760, 661780, 661800]}
119 150 {'t': [295940]}
119 492 {'t': [311220]}
119 50 {'t': [320040, 320160, 320180, 320260, 320280, 320300]}
119 771 {'t': [320120, 320140, 320200, 320220, 320240, 320260, 320280, 320320, 320340]}
119 431 {'t': [654080]}
119 154 {'t': [665100, 665120]}
119 240 {'t': [904620, 904640, 904660, 904680, 904700, 904740, 904800]}
119 499 {'t': [918960, 918980]}
771 118 {'t': [30440, 30460]}
771 50 {'t': [43000, 43020, 50540, 206840, 206900, 207300, 318140, 318160, 318200, 318260, 318280, 318340, 318400, 318480, 318520, 319060, 319080, 319300, 319400, 319600, 319880, 320160, 380040]}
771 335 {'t': [126960, 133320, 133860, 139440, 139500, 217380, 217400, 217420, 217440, 217460, 217500, 217520, 217540, 217560, 217580, 220460, 220520, 292960, 306780]}
771 784 {'t': [139680]}
784 431 {'t': [306860, 308280, 641320, 641460, 641820, 642000, 643640]}
784 804 {'t': [810640, 810700, 810840]}
784 50 {'t': [811700, 811720, 984320]}
105 275 {'t': [46100]}
105 63 {'t': [57160, 57180]}
105 240 {'t': [390360]}
105 804 {'t': [993180]}
118 804 {'t': [137880, 209840, 811020, 811040, 811120, 811140, 811200]}
431 275 {'t': [309220, 309240, 309260, 309280, 309300, 309320, 309340, 309360, 309380, 309440, 309460, 309500, 309600, 309620, 309640, 309660, 309680, 309700, 309720, 309740, 309780, 309800, 309820, 309840, 309860, 309880, 644760, 644780, 644800, 644820, 644840]}
431 240 {'t': [379860, 379880, 379900, 379920, 380020, 380100, 380220, 380240, 380260, 380280, 380300, 380340, 380360, 380380, 380400, 380420, 380440, 380460, 380480]}
431 63 {'t': [645500]}
431 285 {'t': [899320, 900840, 909600, 909640, 909920, 909940, 910260, 918980, 927280, 927300, 927320, 927560, 984120, 984140, 984160, 984760, 990160, 990400, 990420, 990440, 997220]}
285 240 {'t': [44820, 44840, 44860, 999920]}
285 481 {'t': [59400, 60580, 60600]}
285 150 {'t': [60960, 60980]}
285 154 {'t': [139300]}
285 275 {'t': [151920]}
285 50 {'t': [898060, 908380]}
240 275 {'t': [44720]}
240 50 {'t': [390100, 390180, 390200, 392640, 392840]}
240 63 {'t': [395180]}
240 804 {'t': [899660, 903820, 903840, 903860, 906360, 906380, 906400, 906420, 906440, 906500, 906520, 906540, 906560, 906580, 906600, 906620, 906640, 906660, 906680, 906700, 906900, 906920, 906940, 906980, 907000]}
804 275 {'t': [47880, 65060, 207060, 207200, 207380, 207400, 207420, 207500, 207520, 208260, 208760, 208800, 209840, 226060, 226140, 231760, 746780]}
804 150 {'t': [398280, 398920, 399060, 400180, 400200, 401360, 401380, 401400, 401420, 401440, 401460, 401500, 401540, 401560, 401580, 401600, 401620, 401660, 401720, 401740, 401760, 401780, 401800, 401820, 401840, 401920, 402040, 402640, 402660, 402680, 402760, 402840, 402860, 402940, 402960, 402980, 403000, 404620, 404640]}
804 50 {'t': [737260, 737680, 737700, 737740, 738400, 739040, 739060, 739460, 810920, 811020, 839340]}
804 335 {'t': [810660]}
335 50 {'t': [39660, 206840, 206860, 323320]}
335 275 {'t': [139520, 139540, 139560, 139580]}
50 275 {'t': [817220]}
709 481 {'t': [206260, 217900, 218020, 221960, 222780, 222800, 222880, 223620, 234280, 302840, 400700, 401020, 405780, 405800, 405820, 645600, 665220, 665240, 726220, 726240, 726260, 727220, 727820, 727860, 730540, 730560, 730640, 743760, 747380, 832420, 899480]}
709 150 {'t': [206880, 231200, 231220, 231240, 231260, 231280, 295060, 295220, 307980, 311760, 311780, 381300, 389460, 405920, 405940, 405960, 655860, 655880, 656160, 656280, 656380, 731860, 731880, 734120, 734180, 734200, 734220, 734240, 734260, 734280, 734300, 734320, 734340, 734360, 747200, 747240, 747260, 748520, 812140, 812180]}
709 153 {'t': [207400, 225300, 225320, 225340, 225360, 225760, 225780, 747280]}
709 63 {'t': [213460, 215600, 215620, 217900, 217960, 218000, 218040, 218060, 218080, 218320, 219160, 219520, 219600, 219620, 219760, 219980, 220340, 220400, 220420, 220680, 220820, 221960, 221980, 222040, 222060, 222080, 222120, 222140, 222160, 222200, 222220, 222240, 222260, 222280, 222320, 222800, 222820, 222840, 222900, 222920, 222940, 223140, 223240, 223260, 228860, 230600, 300840, 381240, 381680, 384320, 389440, 399140, 639140, 639180, 639220, 639240, 639260, 639300, 639420, 639460, 658780, 658820, 664220, 664320, 664340, 667660, 667680, 667720, 667760, 669460, 728040, 728060, 728620, 728660, 728680, 728880, 728960, 729000, 729300, 729380, 729400, 742120, 742140, 742160, 742180, 742300, 742440, 747400, 747420, 748780, 748800, 748820, 748840, 748860, 748880, 748900, 748920, 748940, 748960, 811320, 815360, 816400, 816420, 816440, 816480, 816500, 816520, 816540, 817320, 817360, 817380, 817400, 817480, 817500, 818940, 911980, 916600, 919820, 919840, 919880, 919900, 919920, 921580, 984660, 984840, 984860, 985220, 993380, 993400]}
709 601 {'t': [294480, 294580, 294600, 294800, 294820, 294840, 294900, 294980, 295020, 295040, 295060, 295080, 295120, 295140, 295160, 295180, 295200, 295220, 295240, 295260, 295280, 295340]}
709 533 {'t': [310640, 661960, 661980, 662800, 662820, 662840, 663020, 669300, 727880]}
709 271 {'t': [729540, 729560, 729600, 729620, 729720, 729740, 729760, 729780, 729820, 729840, 742620, 742640, 742660, 743460, 743480, 747260, 747280]}
709 122 {'t': [748520]}
709 154 {'t': [833260, 833280]}
533 448 {'t': [118900, 118920, 118940, 152460, 152480, 152760, 152780, 659280, 659300, 659320, 659340, 659360, 659380, 659400]}
533 271 {'t': [121680, 121840, 124300, 124320, 152800, 152820, 303620, 833280, 916460, 919200, 919460, 919480, 919500, 919800, 920000, 920020, 920040, 920060, 920360, 920420, 920640]}
533 150 {'t': [122360, 122380, 122560, 122580, 122700, 122720, 122740, 122820, 122860, 122880, 122900, 122920, 122980, 123020, 123060, 123260, 123280, 123340, 123360, 123380, 123420, 123460, 377580, 377600, 377900, 379660, 379940, 379960, 381460, 384520, 388600, 388620, 639740, 639760, 639780, 639800, 722840, 722860, 722880, 722900, 722920, 722960, 723620, 723640, 723820, 723840, 723860, 723880, 724040, 724060, 724080, 724320, 724340, 724360, 724380, 724440, 724460, 724480, 724500, 725120, 725160, 725180, 725220, 725240, 725440, 725460, 725480, 725600, 725620, 725640, 725660, 725680, 725700, 725740, 725760, 725780, 725800, 725840, 725860, 725880, 725940, 725960, 725980, 726000, 726020, 726040, 726060, 726080, 726100, 726120, 726160, 726180, 726300, 726320, 726340, 726360, 726380, 726400, 726420, 726440, 726460, 726480, 726560, 726880, 727680, 727720, 727740, 727760, 728340, 811220, 895280, 895680, 896060, 986200, 986220, 986240, 986260, 986280, 986300, 986320, 986340, 986360, 986380, 986400, 986560, 986600, 986660, 986740, 986760, 986780, 986800, 986820, 986840, 986860, 986880, 986900, 986920, 986940, 987260, 987280, 987700, 1002380, 1002400, 1003160, 1004620]}
533 153 {'t': [292880, 302260, 916460, 918520, 918820, 919240, 919260, 919300, 919340]}
533 601 {'t': [301320, 301340, 301360, 301380, 301400, 301420, 301460, 301480, 301500, 301520, 301560, 301580, 301600, 301620, 301640, 301680, 301840, 301880, 832560, 1009780]}
533 499 {'t': [302180, 302200, 302280, 302320, 303520, 303540, 907300]}
533 63 {'t': [318120, 318140, 381420, 381460, 381480, 381780, 381900, 381920, 382080, 382100, 384600, 387000, 389420, 389440, 726780, 727880, 733360, 733380, 733400, 733460, 816460, 914480, 914500, 914520, 914540, 914560, 914580]}
533 481 {'t': [323340, 914640, 1005340]}
533 122 {'t': [637180, 637200, 637220, 637240, 637260, 637280, 637300, 637320, 637360, 664860, 664880, 664920, 665020, 665040, 665060, 665080, 665100, 665120, 665140, 665160, 665180, 665240, 665260, 665280, 665300, 665380, 665400, 665440, 665680, 665700, 665720, 665820, 665960, 666480, 666500, 666620, 666660, 666680, 666700, 666720, 666740, 666780, 666800, 728000, 810480, 810500, 810520, 810660, 810680, 836760, 836780, 913800, 913820, 913840]}
533 154 {'t': [833280]}
448 122 {'t': [31840, 31860, 31880, 31900, 642560, 642580, 642600]}
448 271 {'t': [34740, 725100, 725120, 743800]}
448 499 {'t': [50780, 123140]}
448 153 {'t': [207420, 214880]}
448 492 {'t': [223260]}
448 481 {'t': [381500, 381520, 381680, 381700, 381920, 381940, 381960, 381980, 382000, 382020, 382040, 382060, 382080, 382100, 382120, 382180, 382200, 382220, 382240, 382260, 382280, 382300, 383120, 383140, 387040]}
448 63 {'t': [639500]}
448 150 {'t': [909600]}
481 63 {'t': [38300, 38480, 38500, 38520, 38540, 38560, 38600, 38620, 38680, 38700, 38720, 38780, 38800, 38860, 42720, 45020, 50060, 56860, 56880, 56960, 57280, 57300, 57380, 57400, 130040, 130120, 133760, 133780, 133800, 133920, 133940, 133960, 133980, 134000, 134020, 134040, 134060, 134080, 134120, 134180, 134200, 134260, 134280, 134300, 134320, 134340, 134360, 134380, 134400, 134420, 134440, 134460, 134500, 134520, 134540, 134560, 134580, 134600, 134620, 134640, 134660, 134680, 134700, 134720, 134740, 134760, 134780, 134800, 134840, 134880, 134900, 134920, 134940, 134960, 134980, 135000, 135020, 135040, 135060, 135180, 135280, 135360, 135400, 135420, 135440, 135460, 135480, 135500, 135520, 135540, 135560, 135700, 135760, 135780, 135800, 135820, 135840, 135860, 135880, 136000, 136040, 136060, 136080, 136100, 136140, 136160, 136180, 136200, 136220, 136240, 136260, 136280, 136320, 136360, 136460, 136560, 136580, 136600, 136620, 136640, 136680, 136720, 136740, 136760, 136780, 136820, 136860, 141680, 141700, 141840, 141860, 142080, 142180, 150020, 150120, 150160, 214840, 215680, 217760, 217940, 217980, 218560, 219940, 219980, 220000, 220340, 220360, 220380, 221180, 221220, 221260, 221940, 221980, 222880, 222900, 225820, 225840, 225860, 225880, 225900, 293460, 296300, 296340, 299860, 299880, 309340, 316740, 316860, 319360, 322900, 323360, 323440, 379280, 379300, 389620, 389640, 389800, 389820, 403740, 640340, 642020, 645680, 648500, 655960, 656280, 667860, 667880, 668020, 668060, 669420, 669440, 726040, 726560, 726680, 726700, 726720, 726740, 726760, 727260, 727280, 727340, 727360, 727400, 727640, 727660, 728580, 728740, 728900, 728920, 729020, 730080, 730180, 730220, 730240, 730300, 730320, 730560, 730580, 731720, 731980, 732260, 733000, 733100, 741820, 741840, 741860, 741880, 741900, 741920, 747200, 748400, 748800, 754840, 812520, 812540, 812600, 816600, 816620, 816640, 816660, 816680, 816700, 816740, 816760, 816780, 816840, 816880, 816980, 817000, 819840, 820100, 820120, 820160, 897900, 897920, 898140, 898220, 898260, 898280, 898300, 898320, 898360, 898380, 898420, 898500, 898520, 898540, 898560, 898580, 898600, 898620, 898640, 898660, 898680, 898700, 898720, 898740, 898760, 898780, 898800, 898820, 898840, 898860, 898880, 898900, 898920, 898940, 898960, 898980, 899220, 899320, 899980, 901040, 911520, 911740, 912460, 912480, 912500, 912520, 914260, 914660, 914680, 914700, 914720, 914740, 914760, 914780, 914800, 914820, 915220, 917020, 917800, 917820, 917840, 917860, 917880, 917900, 917920, 917960, 918720, 919240, 919260, 919280, 919820, 920040, 921680, 925960, 984900, 984960, 984980, 985000, 985340, 985400, 985480, 985500, 985520, 1008900]}
481 271 {'t': [131740, 381340, 729860, 729880]}
481 150 {'t': [145540, 309420, 309440, 404700, 637180, 654040, 656020, 1005720]}
481 499 {'t': [223000]}
481 153 {'t': [223420]}
481 154 {'t': [381420, 381440, 751200, 751500]}
154 150 {'t': [43660, 43680, 43700, 43720, 43760, 43820, 43840, 43860, 43880, 43940, 43960, 116880, 120460, 120480, 381380, 727640, 734100, 810760, 810780, 810800, 810820]}
154 63 {'t': [55940, 223320, 223340, 224440, 729860, 730500, 734080, 734100, 734140, 751180, 751780, 751800, 751820, 751840, 751860, 751900, 907380]}
154 499 {'t': [140960, 140980, 378380, 378400, 378740, 659440, 659680, 659700, 659920, 660000, 660640, 660700, 660720, 660740, 661920, 725840, 726880, 726940, 726960, 726980, 727000, 728100, 728120, 728140, 728160, 728180, 915100, 915120]}
154 153 {'t': [142100, 151020, 151100, 151200, 151220, 151440, 151460, 151500, 151780, 151800, 151820, 151840, 151860, 726860, 730720, 924380, 989640]}
154 271 {'t': [151000, 151020, 151160, 151220, 151240, 151280, 723680, 723740, 729920, 733500, 741180, 836680, 842520, 915440]}
154 492 {'t': [151500, 151640, 151660, 151700, 151720, 151740, 151780, 836600]}
154 122 {'t': [640220, 640240, 662520, 662540, 662560, 662640, 662680, 662780, 662800, 662820, 662840, 662860, 724900, 724920, 724940, 724960, 724980, 727460, 747620, 747640, 747660, 748280, 748300, 752800, 752960, 809920, 821740, 821760, 821780, 831840, 831860, 831940, 832140, 836820, 836840, 836880, 836980, 837380, 842560, 842580, 842620, 842640, 899580, 899600, 899620, 899640, 899900, 899920, 899940, 907880, 926620, 926660, 926680, 926700, 926720, 926820, 926920, 926940, 926960, 927000, 989620, 989640, 989660, 989680, 989920]}
122 271 {'t': [639740, 639760, 639780, 639840, 639860, 639940, 723440, 747080, 748480, 748500, 748540, 748580, 748600, 748620, 842580]}
122 63 {'t': [667620, 754780, 754800, 815100]}
122 153 {'t': [748700, 749480, 749520, 829420, 829440, 830000, 830020, 830640, 838080, 838100, 909000, 909020, 924280, 924500, 925020, 925040]}
492 601 {'t': [119200, 119220, 207220, 207240, 207260, 207320, 207340, 230100, 230140, 230160, 230180, 230200, 230220, 230240, 230260, 230280, 230300, 230320, 230360, 230380, 230400, 230460, 230480, 230500, 230520, 230540, 230560, 230580, 230600, 230620, 230680, 230700, 393180, 393280, 393300, 393320, 393340, 393360, 393380, 393400, 393420]}
492 271 {'t': [125440, 136240, 148900, 292780, 295200, 295220, 295260, 295460, 295480, 295500, 303600, 303640, 307760, 310060, 378880, 378900, 378920, 378940, 378960, 666660, 666680, 666700, 666720, 666860, 666920, 667100, 668200, 668320, 668340, 668460, 668500, 830920, 830940, 830960, 830980, 831000, 831020, 831040, 831060, 831080, 831100, 831120, 831160, 831180, 831200, 831260, 831280, 831360, 831480, 831500, 831520, 831540, 831560, 831580, 831600, 831620, 831680, 831700, 831720, 831740, 831760, 831840, 839900, 839920, 839940, 839960, 839980, 842840, 842860, 842880, 842900, 842920, 842940, 842960, 842980, 843000, 843020, 843040, 843060, 843080, 843240, 843320, 843420, 843560, 843580, 843640, 843660, 843680, 843720, 843880, 843940, 843960, 843980, 844000, 844020, 844060, 845940]}
492 153 {'t': [134820, 137540, 137600, 137620, 140020, 145800, 145820, 208620, 211180, 219160, 219340, 219360, 220340, 223020, 223040, 223100, 223120, 223180, 223200, 223380, 223680, 223740, 223860, 224100, 224120, 224180, 224740, 224760, 224900, 224920, 224940, 224960, 224980, 225000, 225020, 225040, 225060, 225080, 225100, 225180, 225880, 226020, 226040, 226060, 226080, 226100, 226400, 226580, 226980, 227020, 227380, 227620, 228200, 228680, 229000, 235540, 236420, 237500, 237600, 297620, 303400, 303420, 310140, 314740, 315140, 315180, 318300, 724720, 724760, 724800, 740040, 740060, 740080, 740100, 740120, 740140, 740160, 740180, 740380, 740400, 740420, 740440, 740480, 740500, 740600, 740640, 740660, 740680, 740700, 747580, 747620, 747660, 747680, 747700, 747720, 825580, 825600, 825640, 834640, 838080, 838180, 838200, 841200]}
492 499 {'t': [223420]}
492 63 {'t': [381480, 381500, 381520, 381540, 381560, 381580, 381600, 381620, 381640, 381760, 381820, 382100, 382120, 382180, 382300, 382440, 382580, 382640, 382660, 382680, 382780, 382800, 382820, 382860, 382900, 384000, 384040, 384060, 384080, 384100, 384120, 384140, 384220, 384240, 384600, 384620, 385200, 385640, 385860, 386680, 386700, 386720, 386740, 386820, 386840, 386880, 386900, 386940, 386960, 386980, 387520, 387620, 387640, 387680, 387700, 387780, 387800, 387900, 388200, 388480, 388500, 388520, 388660, 388760, 388800, 388820, 388840, 389000, 389020, 389040, 389060, 389080, 389280, 389420]}
153 271 {'t': [135100, 136260, 136360, 141600, 141620, 141640, 141660, 141680, 141700, 141720, 141740, 141760, 141780, 141960, 142000, 145060, 145420, 145720, 146640, 146740, 146780, 146800, 146860, 146880, 146980, 147060, 147080, 147200, 147220, 147240, 147380, 147400, 147420, 147440, 147480, 147580, 147900, 148380, 148400, 148420, 148500, 148520, 148560, 148640, 148660, 148680, 148700, 148760, 148780, 148800, 148900, 148920, 148940, 149100, 149160, 149260, 149280, 149300, 149320, 149340, 149360, 149380, 149400, 149420, 149440, 149460, 149480, 149500, 149520, 149540, 149560, 149580, 149640, 149660, 149680, 149700, 149720, 149740, 149760, 149780, 149800, 149820, 149840, 149860, 149920, 150020, 150080, 150100, 150120, 150220, 150240, 150260, 150380, 150400, 150440, 150500, 150520, 150540, 150560, 150580, 150600, 150640, 150660, 150680, 150720, 151000, 293020, 293040, 293080, 293100, 293120, 293140, 293180, 295000, 295580, 295900, 298700, 298720, 298740, 298780, 303040, 303060, 303120, 303180, 303200, 303360, 303380, 303420, 303480, 303540, 303580, 303620, 303640, 307660, 307700, 307740, 307820, 307840, 308820, 308840, 309840, 311260, 312720, 315520, 316100, 316200, 316260, 316320, 316360, 316380, 317300, 317620, 317720, 319000, 319020, 319320, 319500, 319520, 320120, 320140, 320160, 320180, 321640, 321660, 321680, 321700, 321720, 321740, 321760, 321780, 321800, 321820, 321840, 321880, 321900, 321940, 321960, 322020, 322040, 322060, 322080, 322100, 322120, 322140, 322160, 322180, 322200, 322240, 322260, 322300, 322320, 322340, 322360, 322380, 322420, 322680, 726420, 730680, 730760, 730780, 730880, 730900, 730920, 730940, 731220, 731240, 731260, 731280, 731320, 731340, 731360, 731380, 731400, 731420, 731460, 734280, 742520, 742680, 743600, 744220, 744240, 748660, 748760, 748920, 749040, 749080, 749220, 749240, 749260, 749280, 749480, 749500, 749520, 749560, 749580, 749760, 749780, 749800, 749820, 749960, 749980, 750120, 750200, 750240, 750300, 750320, 750440, 750580, 750600, 750620, 750660, 750680, 750700, 750760, 750780, 750820, 750840, 750860, 750980, 751000, 751280, 751300, 751320, 751340, 751400, 751480, 751500, 751520, 751540, 751920, 751960, 810680, 810700, 810720, 810740, 810760, 810780, 810800, 810820, 810840, 810860, 810880, 810900, 810920, 811420, 811440, 811460, 811480, 811500, 811520, 811540, 811660, 811680, 811700, 811720, 811740, 811760, 811940, 811960, 811980, 812140, 812180, 812200, 812260, 812280, 812300, 812340, 812360, 812400, 812420, 812440, 812460, 812480, 812500, 812520, 812540, 812560, 812580, 812600, 812660, 812700, 812720, 812740, 812760, 812800, 812820, 812840, 812860, 812880, 812920, 812940, 812960, 813000, 813100, 813120, 813140, 813160, 813180, 813200, 813220, 813240, 813260, 813280, 813300, 813320, 813340, 813360, 813380, 813400, 813420, 813440, 813560, 813580, 813600, 813620, 815180, 815200, 815220, 815260, 815500, 815520, 815540, 815560, 815620, 815640, 815660, 815680, 815700, 815720, 815740, 815760, 815780, 815800, 815820, 815840, 815860, 815920, 815940, 815960, 815980, 816000, 816020, 816080, 816120, 816140, 816220, 816640, 816660, 816680, 816700, 816720, 816740, 816760, 816780, 816800, 819200, 820200, 824880, 830740, 830780, 832380, 832400, 832420, 832440, 832460, 832480, 836600, 836660, 841160, 841220, 842500, 842520, 897200, 897220, 903300, 903320, 903340, 903360, 903380, 905940, 906980, 909500, 914680, 916480, 916860, 916880, 916900, 917180, 917220, 917260, 917320, 917360, 917380, 917400, 917480, 917500, 917520, 917540, 917560, 917740, 917760, 917820, 917840, 917860, 917880, 917900, 917920, 917940, 918000, 918020, 918040, 918060, 918080, 918100, 918120, 918140, 918160, 918180, 918200, 918220, 918240, 918260, 918280, 918320, 918340, 918360, 918380, 918400, 918420, 918440, 918520, 919380, 919400, 920800, 926080, 926100, 926120, 926140, 926160, 926180, 926260, 987060, 987080, 987100, 987120, 987140, 987160, 987180, 987200, 987220, 987260, 987280, 987300, 987320, 987340, 987360, 987380, 987400, 987420, 987440, 987460, 987480, 987500, 987520, 987540, 987560, 987580, 987600, 987620, 987640, 987660, 987680, 987700, 987720, 987740, 987760, 987780, 987800, 987820, 987840, 987860, 987880, 987900, 987980, 988000, 988020, 988060, 988080, 988120, 988180, 988200, 988220, 988240, 988260, 988280, 988300, 988320, 988340, 988360, 988380, 988400, 988420, 988440, 988460, 988480, 988500, 988520, 988560, 988620, 988660, 988680, 988700, 988720, 989100, 989120, 989260, 989280, 989300, 989320, 989340, 989360, 989380, 989400, 989420, 989440, 989460, 989480, 989500, 989520, 989540, 989560, 989580, 989600, 989620, 989640, 989660, 989680, 989700, 989720, 989740, 989760, 989780, 989800, 989820, 989840, 989900, 989920, 989940, 989960, 989980, 990060, 990140, 990200, 990240, 990280, 990300, 990340, 990380, 990520, 990560, 990600, 990620, 990640, 990660, 990680, 991340, 991360, 991380, 991700, 992100, 992120, 992140, 992160, 992180, 992200, 992300, 992320, 992340, 992360, 992400, 992460, 992480, 992500, 992540, 992560, 992580, 992600, 992660, 992680, 992700, 992720, 992740, 992760, 992780, 992800, 993200, 993280, 993300, 993320, 993460, 993480, 993500, 993540, 993560, 993580, 993600, 993620, 994700, 1004880, 1004900, 1004920, 1005080, 1005100, 1005140, 1005220, 1005240, 1005260, 1005280, 1005300, 1005380, 1005400, 1005500, 1005620, 1005640, 1005900, 1005920, 1005980, 1006020, 1006040, 1006060, 1006080, 1006120, 1006140, 1006160, 1006180, 1006200, 1006220, 1006240, 1006280, 1006300, 1006320, 1006340, 1006360, 1006380, 1006440, 1006460, 1006480, 1006500, 1006520, 1006540, 1006660, 1006740, 1006820, 1006840, 1006860, 1006880, 1006900, 1006920, 1006940, 1006980, 1007020, 1007080, 1007100, 1007120, 1007140, 1007160, 1007180, 1007220, 1007240, 1007260, 1007280, 1007300, 1007640, 1007660, 1007680, 1007700, 1007720, 1007880, 1008020, 1008060, 1008080, 1008100, 1008140, 1008180, 1008240, 1008500, 1008520, 1008540, 1008660, 1008780, 1008820, 1009760, 1009780, 1009800, 1009820, 1009840, 1009880]}
153 499 {'t': [151140, 151160]}
153 150 {'t': [216300, 732460, 748780, 749240, 751900, 819680, 831700, 1002800, 1005800]}
153 601 {'t': [216480, 231220, 231240, 231260, 231340, 231380, 231400, 231420, 231440, 292860, 317560, 822220, 825600, 825640, 1002980, 1003000, 1003020, 1003040, 1003060, 1003080, 1003100, 1003120, 1003140, 1003160, 1003440, 1003540, 1003560, 1003600, 1003620, 1003640, 1003680, 1003700, 1003720, 1003740, 1003760, 1003780, 1003800, 1003820, 1003840, 1003860, 1003880, 1003980, 1004000, 1004020, 1004100, 1004120, 1004140, 1004160, 1004180, 1004200, 1004220, 1004240, 1004260, 1004280, 1004360, 1004380, 1004400, 1004420, 1004440, 1004460]}
153 63 {'t': [223420, 224380, 318320, 744500, 744520, 744540, 751900, 820700, 901220, 901240, 901480, 901840, 901860, 901920, 901940, 901960, 901980, 902000, 902020, 902040, 902060, 902080]}
601 271 {'t': [33340, 34040, 34580, 34640, 34760, 34820, 34840, 34860, 34880, 34900, 34920, 34940, 34960, 34980, 35000, 35020, 35040, 35060, 35140, 35160, 35180, 35300, 35560, 35580, 35620, 35640, 44920, 44980, 47940, 47960, 47980, 48000, 48080, 48120, 48160, 48220, 48240, 48320, 48360, 48420, 48440, 48460, 123780, 134820, 134840, 380240, 381360, 381380, 381400, 381420, 381440, 381460, 381480, 381500, 381520, 381540, 381560, 381580, 381600, 381660, 381680, 381700, 381820, 381840, 382140, 382340, 382360, 382380, 382400, 382460, 640000, 640060, 640100, 640120, 640420, 640520, 640560, 649660, 649760, 649780, 650700, 650740, 650880, 650900, 658660, 658680, 658700, 658720, 658740, 658780, 658800, 658820, 658840, 658860, 723840, 724060, 724080, 724100, 724140, 724160, 744000, 744020, 744040, 744060, 744080, 744120, 744160, 744180, 744200, 822140, 822160, 822180, 822220, 825120]}
601 150 {'t': [34680, 36940, 381340, 381420, 381880, 382160, 382280, 384620, 384980, 385220, 637820, 638020, 651240, 1014300, 1014320, 1014660, 1015040, 1015180, 1015380, 1015400, 1015440, 1016420, 1016440]}
601 63 {'t': [224540, 224560, 224580]}
601 499 {'t': [317000]}
271 150 {'t': [34320, 34340, 124360, 124380, 124400, 124420, 124440, 124460, 124480, 124500, 124520, 124580, 124600, 124740, 124760, 124780, 124800, 124820, 124840, 317380, 382300, 649660, 745320, 748520, 748540, 748560, 748580, 751920, 819060, 833640, 833660, 833680, 833700, 833720, 833740, 833760, 833780, 833800, 835500, 835520, 835540, 835560, 835580, 835600, 835620, 835660, 835680, 835700, 835720]}
271 63 {'t': [45060, 734140, 734160, 743540]}
271 499 {'t': [123360, 313740, 313760, 728800, 728840, 733060, 743780, 744380, 983760]}
63 499 {'t': [137040, 137060, 137100, 217760, 400220, 657500, 726800, 900720, 914640, 915160, 924060, 924080]}
63 150 {'t': [224580, 381300, 381320, 381340, 381360, 381400, 381420, 381440, 381680, 381700, 381840, 381860, 381880, 382580, 383160, 383560, 383800, 384560, 384660, 384700, 384720, 385860, 385940, 385960, 385980, 386020, 386060, 387940, 387960, 388460, 388600, 389420, 389460, 389680, 648520, 654040, 656000, 656020, 656040, 656260, 656300, 734100]}
150 499 {'t': [291600, 312280, 312300, 380080, 380200, 722820, 831100, 831240, 831400, 894300]}
