35 210 {'t': [4666, 4669, 4671, 4672, 4673]}
35 845 {'t': [5657]}
35 826 {'t': [6001, 17857, 17910, 17914, 17915, 17919, 17920, 17921, 17922, 17923, 17924, 17963, 31950, 36046, 47680]}
35 804 {'t': [9067]}
35 273 {'t': [13117]}
35 253 {'t': [13258]}
35 265 {'t': [14350, 30562, 34975, 34976, 34977, 34978, 34986, 35000, 35001, 35002, 35003, 35004, 43458]}
35 268 {'t': [14356, 14357, 14358, 39392, 48702]}
35 185 {'t': [14441]}
35 778 {'t': [35322, 36292, 43641]}
35 743 {'t': [43734]}
35 255 {'t': [48807]}
210 778 {'t': [4646]}
210 826 {'t': [5302]}
210 209 {'t': [5309]}
845 184 {'t': [1699, 1701, 1702, 1704, 1705, 1706, 1707, 1711, 8906]}
845 131 {'t': [14892, 14896, 14897, 14898, 14899, 14900, 14901, 14903, 14904, 14905, 14906, 14907, 14909, 14911, 14912, 14914, 14916, 14920]}
845 273 {'t': [17744]}
845 123 {'t': [77, 78, 79, 80, 81, 82, 83, 84, 85, 86, 87, 88, 91]}
845 268 {'t': [1265, 5923, 10580, 14516, 14526, 17931, 17932, 17933, 17934, 17968, 17969]}
845 778 {'t': [4719, 9168, 9184, 9202, 9255, 9295]}
845 275 {'t': [8911, 8912, 8919, 8980, 9050]}
845 804 {'t': [8929, 8932, 9030, 9038, 9039, 9040, 9168, 9169, 9171, 9172]}
826 184 {'t': [1713, 35470, 35471]}
826 751 {'t': [9588, 18083, 44733]}
826 255 {'t': [17519, 17520, 17521, 17522, 17530, 17533, 17534, 17539, 17542, 17543, 17547, 17548, 17549, 30573, 36182, 39168, 39534, 44080, 44727, 44728, 48008, 48010, 48011]}
826 131 {'t': [5980, 5983, 10168, 30782, 30789, 35608]}
826 273 {'t': [17474, 17481, 17526, 17527, 17528, 17529, 17530, 17531, 17532, 17535, 17536, 17537, 17538, 17539, 17540, 17541, 17542, 17547, 17548, 17549, 18871, 18872, 30473, 34968, 35946, 35957, 39154, 39157, 39158, 39160, 43395, 43577]}
826 743 {'t': [31803, 31804, 31805, 31806, 31807, 31808, 31809, 43664, 48061]}
826 181 {'t': [24]}
826 448 {'t': [62]}
826 765 {'t': [62]}
826 116 {'t': [451]}
826 778 {'t': [556, 557, 8881, 43869, 43871, 43872, 43875, 43876, 43877, 43878, 43879]}
826 804 {'t': [967, 968, 10145]}
826 987 {'t': [4550]}
826 80 {'t': [5135]}
826 79 {'t': [5135]}
826 265 {'t': [5487, 5499, 5660, 5954, 5955, 5959, 5960, 5970, 5971, 5972, 5973, 5974, 5975, 5976, 5981, 8824, 9010, 9011, 9012, 9290, 9463, 9828, 9901, 9902, 9903, 9935, 9939, 10348, 10359, 10400, 10403, 10408, 30293, 30404, 30506, 30514, 30515, 30516, 30524, 30525, 30527, 30538, 30548, 30634, 31352, 31588, 31687, 31688, 31717, 35651, 35738, 36069, 36070, 36071, 36072, 36166, 36167, 36168, 36169, 36184, 36325, 36331, 36334, 36336, 39068, 39069, 43535, 43538, 43540, 43561, 44735, 44833, 44834, 47729, 47730, 47731, 47783]}
826 222 {'t': [5593, 5610]}
826 50 {'t': [8885]}
826 662 {'t': [9583]}
826 311 {'t': [9583]}
826 268 {'t': [10101, 10102, 31668, 44428, 47679, 48063, 48861, 48862, 48863]}
826 275 {'t': [10144]}
826 211 {'t': [18872]}
826 196 {'t': [35471]}
804 184 {'t': [983, 984, 985, 986, 1438, 1447, 1448, 8904, 8905, 9051, 31471, 31472]}
804 751 {'t': [5494, 5495, 5496, 5497, 5498, 5499, 5500, 5501, 5502]}
804 255 {'t': [31460, 31461, 31462, 31464, 31465, 31466, 39694, 39790, 39791, 39792, 48354]}
804 131 {'t': [35396, 35418, 35419, 35420, 35424, 35446, 35447]}
804 273 {'t': [18316]}
804 265 {'t': [5570, 9464, 31455, 31456, 31457, 35452, 35453, 35454, 35455, 35456, 35457, 35458, 35459, 35460, 35461]}
804 268 {'t': [5500, 5501, 5502, 8905, 8937, 31468, 31469, 31471, 31472, 31485, 31686, 31687, 31694, 31696, 31698, 36118, 40723, 40724, 40725, 40726, 40729, 40730, 40731, 40732, 40733, 43472, 43473, 43474, 43475, 43476]}
804 778 {'t': [968, 8797, 8798, 39712, 39713, 39714, 39715, 39716, 39717, 39718]}
804 79 {'t': [926, 937, 938, 9455, 36325, 39802]}
804 181 {'t': [44708, 44732, 44733, 44734, 44735, 44736, 44737, 44738, 44739, 44740, 44741, 44742, 44743, 44744, 44745, 44746, 44747, 44748, 44750, 44751, 44752, 44753, 44754, 44755]}
804 56 {'t': [43910]}
804 311 {'t': [39790, 44719, 48027]}
804 496 {'t': [39728]}
804 123 {'t': [35538]}
804 39 {'t': [1769]}
804 194 {'t': [44719, 44720, 44721, 44722, 44723, 44724, 44730, 48015, 48016, 48017, 48023, 48024, 48025, 48026, 48027, 48028, 48029, 48030, 48031, 48032, 48033, 48034, 48035, 48036, 48037, 48038, 49195]}
804 765 {'t': [48405, 48406, 48407]}
804 211 {'t': [40733, 40734]}
804 209 {'t': [8905, 13978, 13979, 48269]}
804 938 {'t': [5577, 5578, 5579, 5580, 5581, 5585, 5586, 5590, 5648]}
804 875 {'t': [39068, 39069, 39091, 39092, 39093, 39094, 39096, 39097, 39098, 39099, 39100, 39102, 39103, 39104, 39105, 39107, 39109, 39110, 39111, 39114, 39115, 39116, 39117, 39118, 40173, 48269]}
804 179 {'t': [35537, 39113, 39954, 39955, 39961]}
804 80 {'t': [17731, 39802, 48415]}
804 21 {'t': [35085]}
804 101 {'t': [39096]}
804 48 {'t': [943, 39111, 39113, 39115]}
804 511 {'t': [943, 944, 947, 948, 950, 951, 952, 953, 954, 955, 956, 957, 14855, 18854, 39114, 39117, 44757, 44758, 44759, 48635, 48636, 48637, 48638, 48639]}
804 102 {'t': [35105, 35110, 35112, 35116, 35117, 35135, 35136, 35137, 35138, 35139, 35239, 35244, 35254, 35280, 35284, 35324, 35325, 35331, 35424, 35425, 35426, 35443, 35446, 47879]}
804 762 {'t': [18514, 18764, 18915]}
804 66 {'t': [952]}
804 134 {'t': [13406, 35496, 35500, 35532]}
804 17 {'t': [39082, 39083, 39091, 39096, 39097, 39098, 39099, 39100, 39101, 39102, 39106, 39111, 39112, 39118]}
804 119 {'t': [4916, 10124, 13089, 13090, 14035, 14521, 17476, 17924, 38916, 40055, 40056, 40529, 40575, 43359, 43360, 43361, 43363, 43364, 43497, 43757, 43758, 43769]}
804 784 {'t': [39091, 39094, 39101]}
804 105 {'t': [48218]}
804 118 {'t': [5453, 9051, 39110, 39111, 39115, 39116, 39119]}
804 240 {'t': [43542, 43750, 43751, 43752, 43877, 43878, 43879, 43880, 43881, 43884, 43885, 43886, 43887, 43888, 43889, 43890, 43891, 43892, 43893, 43894, 43904, 43905, 43906, 43908, 43909]}
804 275 {'t': [953, 1812, 8912, 8919, 8928, 8929, 8930, 8934, 8935, 8972, 8997, 8999, 9051, 9862, 9866, 10147, 35898]}
804 150 {'t': [18473, 18505, 18512, 18568, 18569, 18627, 18628, 18629, 18630, 18631, 18632, 18634, 18636, 18637, 18638, 18639, 18640, 18642, 18645, 18646, 18647, 18648, 18649, 18650, 18651, 18655, 18661, 18691, 18692, 18693, 18697, 18701, 18702, 18706, 18707, 18708, 18709, 18790, 18791]}
804 50 {'t': [35422, 35443, 35444, 35446, 35479, 35511, 35512, 35532, 39105, 39110, 40526]}
804 335 {'t': [39092]}
273 184 {'t': [39485, 43432]}
273 751 {'t': [18669]}
273 255 {'t': [17527, 17528, 17542, 17547, 17548, 17549, 18395, 18396, 31699, 31700, 35833, 35836, 35837, 35964, 35967, 35968, 35970, 36005, 36165, 36169, 36172, 36173, 36179, 36180, 36181, 36182, 36243, 39051, 39172, 39174]}
273 131 {'t': [30795]}
273 778 {'t': [8786, 8811, 8812, 8813, 8980, 8981, 8982, 9036, 9037, 9046, 9066, 9078, 13371, 13512, 14084, 14301, 14302, 14303, 14688, 14690, 14691, 14692, 14693, 14694, 14699, 14700, 14701, 14702, 36233, 36234, 36235, 36236, 36237, 36238, 36239, 36240, 36241, 36242, 36243, 36245, 36250, 36251, 36252, 36253, 36254, 36255, 36256, 36257, 36258, 36259, 36260, 36261, 36262, 36263, 36264, 36265, 36266, 36267, 39334, 39335, 39336, 39337, 39340, 39341, 39342, 39346, 39348, 39349, 39350, 39352, 39353, 39354, 39355, 39356, 39357, 39358, 39379, 39380, 39381, 39382, 39383, 39384, 39385, 39386, 43772, 43773, 43774, 43775, 43776, 43777, 44353, 44482, 44483, 44484, 44485, 44486, 44487, 44488, 44489, 44490, 44491, 44492, 44493, 44494, 44495, 44496, 44497, 44498, 44499, 44500, 44501, 44502, 44503, 44504, 44505, 44506, 44507, 44508, 44509, 44510, 44511, 44512, 44517, 44519, 44525, 44526, 44527, 44528, 44529, 44530, 44531, 44532, 44533, 44534, 44535, 44536, 44537, 44538, 44540, 44541, 44542, 44547]}
273 265 {'t': [13465]}
273 185 {'t': [14687, 14688, 14689, 14690, 14691, 14693, 14694, 14696, 14697, 14698, 14699, 14700, 14701, 14703, 14707]}
273 268 {'t': [30664, 36190, 36191, 36193, 36194, 39386, 39594]}
273 743 {'t': [31702, 31705, 31706, 31707, 31708, 31730, 31731, 31732, 31733, 31734, 31737, 31739, 31741, 31744, 31746, 31747, 31748, 31749, 31750, 39589, 44749, 44750, 44812, 44813, 44814, 44817, 44824, 44837, 44838, 44839, 44840, 44841, 44842, 44843, 44846, 44848, 44849, 44850, 44851, 44852, 44853, 44854, 47702, 47703, 47704, 47715, 48196, 48197, 48198]}
273 123 {'t': [39071]}
273 211 {'t': [39326]}
253 184 {'t': [39328, 39333, 39334, 39335, 39336, 39337, 39338, 39340, 39341, 39342]}
253 255 {'t': [39809, 39928]}
253 39 {'t': [73]}
253 80 {'t': [73]}
253 123 {'t': [349, 353, 358, 400, 547, 580, 587, 661, 662, 675, 676, 678, 778, 781, 801, 802, 831, 841, 877, 878, 1097, 1126, 1129, 1130, 1147, 1157, 1158, 1159, 1253, 1254, 1318, 1319, 1409, 1410, 1411, 1412, 1528, 1529, 1530, 1532, 1534, 1535, 1536, 1544, 1623, 1626, 1728, 1729, 1742, 1759, 1760, 1762, 1763, 1764, 1765, 1766, 4683, 4684, 4711, 5362, 6134, 6137, 6139, 6141, 13654, 13655, 13656, 13657, 13658, 13659, 13665, 17651, 17652, 17655, 17656, 17657, 17922, 18036, 18037, 31919, 31947, 31948, 31949, 31955, 34941, 35046, 35082, 35135, 39362, 39458, 39819, 39820, 39849, 39852, 39860, 39863, 39872, 39874, 39887, 39890, 39891, 39892, 39893, 39894, 39895, 39897, 39903, 39906, 39909, 39914, 39920, 39921, 39922, 39923, 40411, 40434, 40437, 40721, 43618, 43619, 43623, 43663, 43687, 43703, 43706, 43707, 43710, 43711, 43712, 43713, 43714, 43715, 43716, 43717, 43718, 43719, 43720, 43721, 43722, 43723, 43724, 43725, 43726, 43727, 43728, 43729, 43730, 43731, 43732, 43733, 43734, 43735, 43736, 43737, 43738, 43739, 43740, 43741, 43742, 43743, 43744, 43745, 43746, 43747, 43748, 43749, 43750, 43755, 43756, 43757, 43758, 43759, 43760, 43765, 43766, 43767, 43768, 43769, 43770, 43771, 43772, 43773, 43774, 43775, 43776, 43777, 43778, 43782, 43783, 43784, 43785, 43786, 43787, 43788, 43789, 43790, 43793, 43794, 43795, 43796, 43797, 43798, 43799, 43801, 43802, 43806, 43807, 43808, 43809, 43810, 43815, 43816, 43817, 43818, 43819, 43820, 43821, 43822, 43823, 43824, 43826, 43827, 43828, 43829, 43830, 43831, 43832, 43833, 43834, 43835, 43836, 43837, 43838, 43839, 43843, 43845, 43846, 43847, 43848, 43849, 43850, 43851, 43854, 43855, 43856, 43865, 43866, 43867, 43869, 43874, 43875, 43877, 43879, 43880, 43881, 43882, 43883, 43884, 43885, 43886, 43898, 43899, 43900, 43901, 43905, 43907, 43908, 43909, 43910, 43911, 43912, 43913, 43917, 43918, 43919, 43920, 43924, 44127, 44146, 44153, 44155, 44156, 44157, 44160, 44180, 44181, 44182, 44186, 44187, 44188, 44189, 44191, 44192, 44193, 44194, 44196, 44197, 44239]}
253 79 {'t': [375, 35389, 39683, 43623, 43624, 43656, 43661, 43662, 43669]}
253 223 {'t': [1733, 39849]}
253 95 {'t': [1742, 5406, 13310, 31916, 31917, 35780, 40408, 40409]}
253 15 {'t': [17937, 17942, 17943, 17946, 17947, 17948, 17949, 17950, 17951, 34927, 34929, 34930, 34931, 34932, 34933, 34934, 34935, 34939, 34957, 34995, 35000, 35010, 35017, 35018, 35044, 35102, 35111, 35120, 35121, 35122, 35124, 35127, 35128, 35129, 35130, 35131, 35132, 35133, 35134, 35165, 35169]}
253 120 {'t': [31025, 31026, 31028, 31029, 31030, 31031]}
253 134 {'t': [31026, 31031]}
253 494 {'t': [31029]}
253 21 {'t': [39929]}
253 101 {'t': [39929]}
253 164 {'t': [44172, 44174, 44175, 44176, 44177, 44178, 44179, 44180, 44181, 44182, 44183, 44184, 44186, 44187, 44188, 44190, 44191, 44192, 44193, 44194, 44195, 44196, 44197, 44198, 44200, 44201, 44205, 44207, 44209, 44213]}
265 184 {'t': [8829, 9463, 13827, 13828, 13829, 13830, 13831, 31054, 31055, 31258, 31259, 31260, 35473, 44734, 47881]}
265 751 {'t': [5278, 5279, 5280, 5281, 5289, 5300, 5303, 5305, 5306, 5404, 9577, 9587, 9675, 13824, 13825, 13826, 13827, 13828, 13829, 13830, 13831, 13833, 14054, 14055, 31058, 31255, 31256, 31258, 35258, 35259, 35260, 35471, 35473, 35474, 35475, 35476, 35477, 35591, 35592]}
265 255 {'t': [30673, 48009, 48010]}
265 743 {'t': [39498, 39499, 39500, 39502, 39503, 39504, 39505, 39506, 39507, 39510, 39511, 39512, 39514, 39696, 44277, 44278, 44283, 44291, 44292, 44294, 44298, 44299, 44300, 44301, 44302, 44316, 44361, 44384, 44424, 44459, 44460, 44461, 44467, 44468, 44469, 44470, 44475, 44491, 44492, 44505, 44506, 44507, 44511, 44518, 44521, 44522, 44526, 44527, 44529, 44530, 44532, 44533, 44534, 44538, 44550, 44551, 44564, 44565, 44566, 44567, 44568, 44569, 44570, 44571, 44578, 44579, 44580, 44581, 44582, 44589, 44590, 44604, 44605, 44606, 44607, 44608, 44614, 44615, 44616, 44617, 44618, 44619, 44625, 44630, 44632, 44635, 44636, 44639, 44681, 44715, 44723, 44724, 44726]}
265 56 {'t': [5288]}
265 335 {'t': [5424]}
265 95 {'t': [5618, 5619, 5620]}
265 185 {'t': [5650, 5651, 14163, 14579, 14583, 14584, 14589, 14591, 14592, 14593, 14594, 14600, 14601, 14602, 14604, 14617, 14618, 14620, 14621]}
265 211 {'t': [8827, 13388, 13389, 13507, 39835]}
265 116 {'t': [9039, 9693, 13831, 13832]}
265 50 {'t': [9569, 10254]}
265 875 {'t': [9822]}
265 134 {'t': [13404]}
265 268 {'t': [13825, 13826, 31346, 31348, 31349, 31350, 31457]}
265 240 {'t': [30559]}
265 779 {'t': [35475]}
265 194 {'t': [35475]}
265 87 {'t': [43458, 43459, 43460, 44268, 44269, 44271, 44272]}
265 431 {'t': [43543, 43544]}
265 285 {'t': [43550]}
265 120 {'t': [43994]}
268 184 {'t': [1428, 1429, 1430, 1431, 1436, 1439, 1440, 1445, 1446, 1450, 1452, 1481, 1487, 1540, 1561, 1700, 1701, 1702, 1704, 1708, 1715, 1716, 8902, 8905, 8906, 8907, 8908, 8909, 8910, 8911, 8912, 8913, 8914, 8915, 8916, 8917, 9050, 9051, 9055, 9068, 10165, 10173, 10179, 10189, 10190, 10248, 10249, 30551, 30564, 31442, 35900, 35901, 35902, 35903, 35904, 35916, 35917, 36021, 48052, 49114]}
268 751 {'t': [5502, 5526, 10165, 10172, 10173, 10174, 10177, 10179, 10180, 10181, 10182, 10223, 13643, 13826, 34816, 34817, 34820, 34821, 34833, 34837, 34847, 34853, 34854, 34855, 34856, 34857, 34858, 34860, 34864, 34866, 34912, 34920, 34939, 34940, 34941, 34949, 34950, 34951, 34954, 34959, 34960, 34969, 34980, 34982, 34994, 34996, 34997, 34998, 34999, 35000, 35001, 35002, 35004, 35005, 35006, 35007, 35008, 35009, 35011, 35014, 35015, 35016, 35017, 35018, 35020, 35021, 35022, 35025, 35026, 35027, 35028, 35029, 35030, 35064, 35065, 35066, 35067, 35068, 35069, 35070, 35071, 35078, 35079, 35080, 35081]}
268 255 {'t': [31671, 31672, 36123, 36124, 36125, 36126, 36127, 39236, 39316, 39319, 39324, 39325, 39345, 39358, 39359, 39362, 39372]}
268 211 {'t': [4852]}
268 778 {'t': [8788, 8879, 35299, 35300, 36432, 36453, 36457, 36458, 36459, 36460, 36461, 36462, 36463, 36467, 36468, 36478, 36495, 36496, 40453, 40494, 40496, 40498, 40499]}
268 118 {'t': [8904]}
268 134 {'t': [13407]}
268 222 {'t': [30842, 30853, 30854, 30856, 30871, 30872, 30873, 30874, 30875, 30876, 30909]}
268 132 {'t': [48251]}
185 184 {'t': [1428, 1429, 18096]}
185 751 {'t': [18090, 18100]}
185 131 {'t': [4820]}
185 778 {'t': [1428, 14677, 14682, 14684, 14686, 14687, 14688, 14689, 14691, 14703]}
778 184 {'t': [1280, 1281, 1282, 1285, 1286, 1287, 1290, 1291, 1292, 1293, 1296, 1297, 1298, 1299, 1300, 1301, 1302, 1303, 1304, 1305, 1306, 1307, 1308, 1309, 1310, 1311, 1312, 1315, 1322, 1323, 1324, 1325, 1327, 1328, 1329, 1330, 1331, 1332, 1333, 1334, 1335, 1336, 1337, 1338, 1339, 1340, 1424, 1427, 1428, 1431, 1433]}
778 751 {'t': [5294, 6105, 8979, 8980, 9078, 13323, 13325, 14171, 14173, 14175, 14187, 35409, 36278, 36279, 36280, 36281, 36292, 43796, 43797]}
778 255 {'t': [39709, 43807]}
778 131 {'t': [5021, 14402]}
778 743 {'t': [43881, 43882]}
778 431 {'t': [224, 229, 233, 237]}
778 116 {'t': [587, 4718, 9107]}
778 119 {'t': [4712]}
778 211 {'t': [8785, 8913, 8933, 8934, 8935, 8936, 8937, 8938, 8939, 8940, 8941, 8942, 8943, 8944, 8945, 8946, 8947, 8948, 8949, 8950, 8951, 8952, 8954, 8955, 8956, 8957, 8958, 8959, 8960, 8961, 9099]}
778 56 {'t': [14333]}
778 875 {'t': [39694, 39695, 39696, 39697, 39699, 39700, 39701, 39702, 39703, 39704, 39719, 39720, 39722, 39729, 39733, 39736, 39737, 39740, 39743, 39750, 39751, 39752, 39755, 39756, 39761, 39762, 39763, 39764, 39765, 39772, 39776, 39783, 39784, 39793, 39812, 39814, 39817, 39818, 39947, 39948, 39949, 39950, 39951, 39952, 39953, 39954, 39955, 39956, 39957, 39958]}
743 184 {'t': [31819]}
743 255 {'t': [31285, 31299, 31697, 31699, 31700, 31702, 44027]}
743 784 {'t': [44130, 44131, 44132, 44133, 44136]}
743 39 {'t': [44144, 44145]}
743 123 {'t': [44153, 44158]}
255 184 {'t': [44848, 48029, 48030, 48069, 48565]}
255 240 {'t': [30562]}
255 131 {'t': [34813, 34816, 36220]}
255 122 {'t': [34825, 34836, 34838]}
255 511 {'t': [35375, 39155]}
255 80 {'t': [35376]}
255 311 {'t': [39701, 39702, 39704, 39705, 39711, 39793]}
255 875 {'t': [39711]}
255 494 {'t': [39804]}
255 123 {'t': [39928]}
255 709 {'t': [47795, 47796]}
184 267 {'t': [978]}
184 131 {'t': [8900]}
184 118 {'t': [8910, 8916, 8928, 8943, 8944, 8948, 8949, 8950, 9033, 9035, 9042]}
184 751 {'t': [9204, 9210, 9226, 9238, 9241, 9242, 9243, 9244, 9245, 9246, 9247, 10150, 10151, 10155, 10156, 10160, 10161, 10162, 10163, 10164, 10165, 10166, 10167, 10168, 10169, 10170, 10171, 10172, 10173, 10174, 10175, 10176, 10178, 10179, 10180, 10181, 10237, 10275, 10277, 10281, 10282, 10285, 13231, 13232, 13233, 13236, 13237, 13238, 13244, 13256, 13379, 13380, 13413, 13414, 13418, 13422, 13423, 13424, 13425, 13426, 13438, 13501, 13502, 13503, 13799, 13800, 13817, 13829, 14057, 17627, 17809, 17810, 18071, 18079, 18089, 18092, 18093, 18094, 18095, 18096, 18097, 18098, 18099, 18100, 18101, 18282, 18668, 18772, 18773, 30665, 30667, 30668, 30823, 30824, 30825, 30827, 39736, 39738, 39739, 39740, 39923, 39924, 39925, 43507, 43509, 43510, 43511, 43512, 43513, 43514, 43515, 43516, 43517, 43518, 43519, 43520, 43521, 43522, 43523, 43524, 43525, 43526, 43527, 43528, 43529, 43530, 43535, 43537, 43566, 43567, 43568, 43569, 43570, 43571, 43572, 43573, 43575, 43577, 43727, 43728, 43732, 43733, 43736, 43737, 43738, 43739, 43740, 43741, 43742, 43743, 43744, 43745, 43746, 43747, 43748, 43749, 43750, 43752, 43753, 43754, 43755, 43759, 43760, 43761, 43762, 43765, 43830, 43832, 43833, 43834, 43835, 43836, 43848, 43849, 44236, 44237, 44239, 44732, 44736, 44737, 44738, 44739, 44740, 44741, 44742, 44745, 44757, 48309, 48310, 48311, 48312, 48469, 48470, 48472, 48560, 48567]}
184 134 {'t': [13407, 13408, 13409, 13410, 13411, 13412, 13413, 13414, 13415, 13416, 13417, 13418, 13419, 13421, 44236, 44237]}
184 196 {'t': [13418]}
184 194 {'t': [13419]}
184 223 {'t': [13419]}
184 39 {'t': [13420]}
184 123 {'t': [39326, 39327, 39359]}
267 513 {'t': [13425, 17614]}
267 29 {'t': [34839]}
267 272 {'t': [2]}
267 79 {'t': [31329]}
267 196 {'t': [14413, 14414]}
267 56 {'t': [13924, 13925, 13926, 13927, 13928]}
267 164 {'t': [4607, 4608, 4609]}
267 223 {'t': [973, 974, 975, 976, 977]}
267 120 {'t': [5305]}
267 311 {'t': [928, 929, 930, 932, 933, 934, 935, 936, 937, 938, 939, 940, 941, 942, 943, 944, 945, 946, 947, 956, 959, 960, 35529]}
267 496 {'t': [939, 940, 941, 942, 943, 951, 952, 953, 959, 960, 14403, 14405, 36069, 36079, 36080, 40048]}
267 603 {'t': [4605, 4606, 47810]}
267 222 {'t': [288, 289, 290, 291, 292, 963, 965, 966, 970, 973, 974, 975, 976, 993, 994, 995, 996, 1008, 1009, 1014, 1016, 1017, 1035, 1036, 1039, 1041, 1042, 1157, 1208, 1217, 1219, 1220, 1239, 1251, 1263, 1264, 1265, 1266, 1550, 1551, 1552, 1553, 1554, 1555, 1556, 1557, 1560, 1566, 1567, 1573, 1574, 1575, 1576, 1577, 1578, 1579, 1580, 1581, 1582, 1583, 1692, 1693, 1694, 1695, 1696, 4724, 4725, 4784, 4785, 4799, 4894, 9303, 31612, 31613, 32001, 32003, 34938, 34939, 34940, 34944, 34949, 34950, 34954, 34955, 34975, 35151, 35153, 35266, 35278, 36260, 36332, 36334, 39611, 40124, 40133, 40143, 40565, 47904, 47905, 47909, 47924, 47928, 47932, 47933, 47934, 48047, 48052, 48096, 48097, 48099, 48101, 48103, 48104, 48105, 48294, 48300, 48301, 48302, 48303, 48304, 48305, 48307, 48308, 48309, 48310, 48311, 48322, 48324, 48325, 48326, 48328, 48724, 48725, 48726, 48768, 48769, 48781, 48782, 48923, 48928, 48956, 48969, 48972, 48973, 49091, 49158]}
267 205 {'t': [932, 934, 942, 943, 944, 13311, 13724, 13727, 13730, 13733, 13924, 14017, 14401, 14402, 14403, 18649, 18655, 18657, 18692, 18694, 18695, 18696, 18697, 18698, 18699, 18700, 18701, 18702, 18703, 18704, 18705, 18706, 18707, 18708, 18710, 18724, 18725, 18726, 18729, 18731, 18732, 18733, 18734, 18735, 18736, 18737, 18738, 18740, 18741, 18742, 18745, 18746, 18747, 35979, 39150, 39151, 39171]}
267 39 {'t': [1053, 13420, 39155]}
267 939 {'t': [5532, 13925]}
267 105 {'t': [13424, 13727, 14018, 17611]}
267 116 {'t': [13923]}
267 95 {'t': [13927, 13928, 35998, 35999, 36000]}
267 662 {'t': [14411]}
267 15 {'t': [14454]}
267 211 {'t': [17564, 17565, 17567, 17568, 17569, 17570, 17571, 17572, 17574, 17575, 17578, 17579, 34835]}
267 63 {'t': [18740]}
267 134 {'t': [31324]}
131 751 {'t': [5098]}
131 50 {'t': [4696, 4700, 4701, 4702, 4703, 4704, 4705, 4707, 4709, 4711, 14172, 31434, 31435, 31436, 31437, 31438, 31439, 31465, 31466, 31472, 31473, 31474, 31479, 31527, 31539, 31540, 31553, 31554, 31572, 31579, 31599, 31600, 31601, 35447]}
131 242 {'t': [4738, 4745]}
131 150 {'t': [4760, 4761, 4762, 4763, 4764, 4765, 4766, 4767, 4768, 4769, 4770, 4771, 4772, 4773, 4774, 4775, 4776, 4777]}
131 271 {'t': [4777]}
131 102 {'t': [10574, 14495, 31539, 31540, 31542, 31543, 31544, 31545, 31546, 31547, 31548, 31549, 31551, 31552, 31557, 31558, 31563, 31568, 31570, 31571, 31572, 31573, 31575, 31576, 31577, 31578, 31579, 31590, 31599, 31600, 35447]}
131 205 {'t': [14015]}
131 311 {'t': [14048, 14049, 14171]}
131 875 {'t': [14414]}
118 164 {'t': [44194]}
118 311 {'t': [78, 79, 80, 81, 82, 83]}
118 95 {'t': [78, 79, 80, 81, 82, 83]}
118 209 {'t': [5946, 9592]}
118 80 {'t': [79]}
118 771 {'t': [81, 82]}
751 662 {'t': [9584]}
751 209 {'t': [9589]}
751 211 {'t': [13366, 13379]}
751 134 {'t': [13407, 13412, 13413, 13414, 13415, 13419, 13421, 13422, 13424, 44232, 44233, 44236, 44237, 44243, 44245, 44246, 44248, 44251, 44252, 44253, 44257, 44258, 44259, 44260, 44261, 44263, 44264, 44266, 44267, 44268, 44270, 44271, 44272, 44273, 44274, 44275, 44276, 44278, 44279]}
751 116 {'t': [13818, 13832]}
751 39 {'t': [14741]}
751 481 {'t': [39098, 39099]}
751 875 {'t': [39691]}
134 513 {'t': [31325]}
134 311 {'t': [43977, 43983]}
134 496 {'t': [800, 13419]}
134 662 {'t': [13419]}
134 494 {'t': [31032]}
134 765 {'t': [31031, 43974, 43977]}
134 116 {'t': [13405]}
134 209 {'t': [790]}
134 875 {'t': [34884, 34886, 34887, 34888, 34889, 34890, 34891, 43958, 43959, 43960, 43961, 43962, 43963, 43964, 43965, 43966, 43967, 43968, 43969]}
134 179 {'t': [35549, 35552]}
134 80 {'t': [31019]}
134 101 {'t': [36209]}
134 48 {'t': [790, 35552, 35553]}
134 762 {'t': [1266, 13257, 14178, 14180, 14181, 14182]}
134 240 {'t': [798, 799, 802, 1045]}
134 285 {'t': [801, 802, 1213, 4663, 4664, 4665, 4731, 4734, 4735, 4738, 4753, 4754, 4766, 44035, 44036, 44037, 44038, 44039, 44040, 44041, 44042, 44044, 44045, 44046, 44051, 44052, 44055]}
134 784 {'t': [13256, 13257, 13258, 13259, 13260, 31023, 31024, 43634, 43635, 43636, 43638, 43640, 43641, 43643, 43644, 43645, 43647, 43648, 43649, 43650, 43651, 43652, 43653, 43654, 43657, 43658, 47729]}
134 431 {'t': [13832, 13833, 13834, 13835, 13836, 13838, 14436, 14481, 14483, 35569, 35570, 35571, 35572, 35573, 35577, 35579, 35580, 35581, 35582, 35583, 44035]}
134 50 {'t': [13914, 13916, 36361, 36362, 43957, 43958, 43959, 43974, 43979, 44035, 44038, 44039, 44040, 44041, 44044, 44045, 44047, 44048, 44051, 44863, 44864]}
134 119 {'t': [14104]}
134 275 {'t': [14436]}
134 17 {'t': [35549, 35553, 35554, 44863, 44864]}
134 709 {'t': [48016]}
196 172 {'t': [1794, 4602, 5640, 5737, 5770, 5771, 9272, 9273, 18073, 39105, 39106, 47883]}
196 79 {'t': [40175]}
196 150 {'t': [59]}
196 223 {'t': [782, 783, 1342, 5257, 5258, 5270, 5283, 5284, 5285, 5286, 5287, 5288, 5289, 5290, 5291, 5292, 5293, 5294, 5317, 5327, 5328, 5329, 5330, 5331, 5332, 5333, 5334, 5335, 30864]}
196 66 {'t': [782]}
196 819 {'t': [784, 785, 786, 787, 31229, 31237, 31238]}
196 120 {'t': [4759, 4760, 4761, 4762, 4763, 4773, 4774, 4775, 4945, 6116, 8853, 35856, 35857]}
196 311 {'t': [5229, 5235, 5237, 5245, 5257, 5258, 5267, 5271, 5273, 5276]}
196 222 {'t': [5352, 5354]}
196 939 {'t': [31224, 31242, 31243, 31244, 31249, 31250, 31251, 31252, 31253, 31260]}
196 533 {'t': [40005]}
196 779 {'t': [44902]}
196 987 {'t': [44905]}
196 205 {'t': [48702, 48704, 48705, 48706, 49266]}
194 29 {'t': [34808, 43934]}
194 181 {'t': [13980, 43961]}
194 56 {'t': [242, 243, 5395, 5396]}
194 242 {'t': [6029]}
194 120 {'t': [13954, 13955, 13956, 13957, 13958, 13959, 13960, 13961, 13962, 13963, 13964, 13965, 13966, 13967, 13968, 13970, 13973, 13978, 13980, 13981, 13986, 13987, 13988, 13989, 13991, 13992, 13993, 13994, 34806]}
194 311 {'t': [245, 249, 1597, 1598, 1599, 1612, 1616, 1617, 1618, 1619, 1620, 1689, 1690, 5340, 5453, 5786, 5792, 5793, 5794, 5795, 5796, 5798, 5799, 5800, 6025, 6046, 6048, 17957, 30390, 30911, 31168, 31801, 31802, 31805, 31809, 34906, 35560, 35584, 35601, 35735, 35736, 35737, 35739, 35754, 36051, 36055, 36066, 36202, 36205, 36280, 36316, 44380, 44381, 44382, 44387, 44388, 44389, 44452, 44453, 48830, 48832, 48944, 48946, 48947, 48948, 48949, 48950, 48951, 48952, 48953, 48954, 48955, 48956, 48957, 48958, 48959, 48960, 48961, 48962, 48963, 48964, 48965, 48966, 48968, 48971, 48973, 48974, 48994, 48995, 48996, 48997, 49000, 49001, 49002, 49003, 49004, 49005, 49006, 49022, 49023, 49033, 49077, 49175, 49176]}
194 496 {'t': [17648, 17670]}
194 132 {'t': [13950, 13955, 13961, 13968, 13969, 13970, 13971, 13973, 13974, 13975, 13988, 13989, 13993, 13994, 30473]}
194 662 {'t': [13294, 13295, 13296, 13952, 13953, 13955, 13956, 13957, 13959, 13960, 13978, 13988, 13989, 13990, 13991, 13992, 30466]}
194 113 {'t': [906, 910, 912, 13712, 13715, 13754, 13755, 13756, 30429, 30578, 43424, 43425, 43426, 43436, 43437, 43439, 43444, 43616, 44908, 44909]}
194 123 {'t': [13366]}
194 39 {'t': [13749, 13750, 13751, 13752, 13754, 13756, 13757, 13758, 13760, 13762, 13955, 13956, 13965, 13968, 13985, 13986, 13987, 13988, 13989, 43950, 43960, 43961, 44134, 44135, 44138, 44142, 44143, 44144, 44145, 44146, 44147, 44163, 44164, 44165, 44166, 44168, 44169, 44170, 48566]}
194 779 {'t': [35474]}
194 95 {'t': [737, 741, 742, 743, 1681, 1682, 1683, 1684, 1685, 1686, 1687, 1688, 1689, 1694, 1695, 1696, 1697, 5379, 5380, 5381, 5382, 13231, 13232, 13233, 13235, 13242, 13243, 31147, 31148, 31152, 31153, 31154, 31155, 31157, 31158, 31159, 31160, 31161, 31162, 31163, 31164, 31165, 31166, 35257, 35258, 43456, 44875, 44893, 44894, 44895]}
194 786 {'t': [245, 248, 249, 250, 252, 253, 257, 258, 733, 4561, 4562, 47878, 47880, 47881, 47882, 47895, 47896, 47897, 47898, 47899, 47900, 47901, 47902, 47903, 47905, 47906, 47907, 47933]}
194 939 {'t': [13991, 34800, 43455]}
194 765 {'t': [17981, 17982, 17983, 17985, 17986, 17987, 17988, 17989, 17990, 17991, 17992, 17993, 17994, 17995, 17996, 34816, 34870, 34871, 34872, 34873, 34906, 35931, 35932, 35934, 35945, 35946, 35947, 35949, 35950, 35953, 36107, 36108, 36109, 36110, 36111, 36112, 36115, 36119, 47879, 47880, 48703, 48704]}
194 987 {'t': [43833]}
223 29 {'t': [30931]}
223 181 {'t': [14105]}
223 120 {'t': [299]}
223 496 {'t': [575, 615, 5829, 5832, 5835, 5836, 5839, 5843, 5844, 5845, 5846, 5847, 5848, 5850, 5851, 5852, 5853, 5854, 5855, 5858, 5862, 5863, 5864, 5874, 5875, 9662, 10114, 10115, 10117, 10118, 10119, 10120, 10121, 10122, 10123, 10124, 10125, 10126, 10128, 10129, 10130, 10131, 10132, 10133, 10134, 10135, 10136, 10138, 10139, 10146, 10148, 10149, 10150, 10152, 10153, 10154, 10155, 10156, 10157, 10158, 10159, 14430, 14431, 14435, 14436, 31667, 31687, 31688, 31689, 31690, 31692, 31696, 31720, 47872]}
223 819 {'t': [783, 787, 5826, 5827, 5828, 5830, 5832, 5833, 5834, 5835, 5836, 5837, 5838, 5839, 5850, 5852, 5854, 5855, 5856, 5857, 5858, 5859, 5863, 5864]}
223 222 {'t': [973, 974, 5376, 30985, 30987, 30988, 30989, 30990, 39774, 39780, 39783, 39805, 49008]}
223 311 {'t': [1070, 1071, 1236, 5272, 13270, 13271, 13272, 13273, 13418, 13419, 14346, 14410, 18173, 18193, 18218, 18220, 18223, 18225, 18226, 18227, 18228, 18276, 31836, 39197, 40413, 40415, 40416, 44834]}
223 113 {'t': [1479]}
223 205 {'t': [1504, 1526, 1532, 8935, 8936, 8939, 8948, 8956, 8958, 39842]}
223 123 {'t': [4713, 4714, 4715, 4718, 4719, 4721, 4722, 4723, 4724, 4725, 4726, 4727, 4728, 4729, 4730, 4731, 4732, 4733, 4734, 4735, 4736, 4737, 4738, 4739, 4740, 4741, 4742, 4743, 4744, 4745, 4746, 4747, 4748, 4749, 4750, 4751, 4752, 4753, 4754, 4755, 4756, 4757, 4758, 4759, 4760, 4761, 4762, 4763, 4764, 14032, 14033, 14034, 14035, 14093, 14275, 31169, 31655, 39849, 44069, 48918, 48921, 48960]}
223 95 {'t': [5297, 5816, 5817, 47773, 48284]}
223 15 {'t': [6010, 6015, 6016, 6017, 6018, 6019, 9792, 14550]}
223 939 {'t': [13335, 13336, 13337, 13338, 13339, 13341, 13343, 13344, 13345, 13346, 13347, 13368]}
223 662 {'t': [13419, 14450, 18230, 18231, 18232, 18233, 18234, 18235, 18251, 18252, 18253, 18258, 18259, 18293, 31684, 39845, 40413]}
223 102 {'t': [13973]}
223 80 {'t': [18160]}
223 150 {'t': [30991]}
223 601 {'t': [31486]}
223 494 {'t': [39617]}
223 448 {'t': [44271]}
223 63 {'t': [44272]}
223 791 {'t': [44275, 44351, 44466, 44475, 44478, 44479, 44480, 44496, 44497]}
223 39 {'t': [47820]}
223 213 {'t': [48050]}
39 29 {'t': [8808, 9759, 9760, 9761, 9763, 9779, 9780, 9781, 9782, 9783, 9784, 9785, 9786, 9788, 9789, 9790, 9795, 9796, 9797, 9818, 9824, 9826, 9832, 9835, 43612, 43673]}
39 272 {'t': [14736]}
39 79 {'t': [5310, 9098, 13314, 13700, 13701, 13702, 47842]}
39 181 {'t': [14077, 43943, 43961, 44780, 44781, 44788]}
39 242 {'t': [18035, 18036, 18039]}
39 120 {'t': [137, 138, 140, 141, 143, 144, 160, 161, 162, 163, 164, 169, 172, 173, 174, 175, 176, 13968, 13985, 13986, 13987, 13988]}
39 496 {'t': [43604, 43605, 43606]}
39 819 {'t': [4461, 4462, 43361, 43396]}
39 222 {'t': [48783]}
39 205 {'t': [783, 1062, 1063, 1064, 1065, 1066, 1718, 1719, 1720, 18404, 43905]}
39 662 {'t': [13954, 13955, 13956, 13965, 13966, 13968, 13969, 13988, 17511, 17512, 17513, 17514, 17515, 17517, 17518, 17519, 17520, 17521, 17523, 17524, 17528, 17529, 31170, 31182, 39307, 43396, 44537, 44538, 47845]}
39 113 {'t': [825, 826, 837, 8754, 8755, 8805, 8806, 8808, 8809, 8817, 8818, 8819, 8820, 8821, 8822, 8823, 8824, 13687, 13692, 13693, 13694, 13754, 13755, 13756, 13757, 13758, 13759, 13762, 31985, 39098, 39099, 39100, 39101, 39163, 39167, 39170, 39172, 39604, 39605, 43388]}
39 123 {'t': [39765, 43450, 43451, 43596, 43602]}
39 95 {'t': [4583, 4584, 48573, 48764, 49004, 49006, 49007, 49008, 49009, 49013, 49022]}
39 119 {'t': [40577, 40578, 40582, 40583]}
39 779 {'t': [43373, 43375, 43377, 43380, 43381, 43387]}
39 87 {'t': [44136, 44137]}
123 172 {'t': [5407, 5408, 19055, 39971, 43596]}
123 29 {'t': [40140, 48288]}
123 79 {'t': [8784, 8785, 8786, 8787, 8788, 8789, 8790, 8791, 8792, 8793, 8794, 8797, 8798, 8799, 8800, 8803, 8807, 8809, 8810, 8813, 13262, 13287, 13289, 13301, 31328, 35717, 39040, 39068, 39069, 39070, 39074, 39075, 43616, 43671, 43672, 43673, 43674, 43675, 43676, 43679]}
123 164 {'t': [933, 44168, 44169, 44170, 44171, 44176, 44177, 44178, 44179, 44180, 44181, 44182, 44183, 44184, 44185, 44186, 44187, 44188, 44189, 44190, 44192, 44193, 44194, 44195, 44196, 44197, 44198, 44199, 44200, 44201, 44202, 44203, 44204, 44205, 44206, 44207, 44208, 44209, 44213, 44214]}
123 311 {'t': [18532, 18533, 18578, 18788, 18791, 18814, 18816, 18817, 18822, 18823, 18828, 18830, 18831]}
123 222 {'t': [10324, 10325, 10328, 10331, 10332]}
123 95 {'t': [268, 1740, 1741, 1742, 1743, 1744, 1745, 1746, 1747, 1748, 4572, 13445, 13446, 13447, 13448, 13449, 13450, 13451, 13452, 13453, 13455, 13456, 13457, 13458, 13459, 13460, 13461, 13462, 13463, 13464, 13465, 13466, 13467, 13468, 13469, 13470, 13471, 13472, 13473, 13474, 13476, 13477, 13478, 13479, 13574, 13580, 13583, 13584, 13593, 13594, 13598, 13599, 14338, 14351, 14379, 14380, 14381, 14382, 14383, 14387, 14388, 14394, 14402, 14407, 14408, 14435, 14436, 14437, 14499, 14550, 18049, 18442, 18575, 18576, 18681, 18818, 18826, 18827, 31919, 31920, 31921, 31922, 31923, 31924, 31925, 31926, 31927, 31928, 31929, 31930, 31931, 31932, 31933, 31934, 31935, 31936, 31937, 31938, 31939, 44272]}
123 116 {'t': [340]}
123 15 {'t': [1742, 4767, 4768, 8966, 8967, 8996, 9041, 9042, 9045, 9062, 9063, 9064, 9065, 9066, 9067, 9163, 17921, 19113, 19125, 19134, 19136, 19137, 19138, 19151, 19152, 19153, 34926, 34927, 34928, 39763, 44770, 44781, 44792, 44839, 44931, 44932, 44935]}
123 492 {'t': [4558]}
123 335 {'t': [13334]}
123 765 {'t': [44148]}
123 150 {'t': [48193, 48194, 48195, 48197, 48198, 48199, 48200, 48204, 48205, 48206, 48207, 48210, 48211, 48212, 48213, 48214, 48215, 48223, 48224, 48225, 48226, 48295]}
123 153 {'t': [48293, 48294]}
123 271 {'t': [48294]}
123 533 {'t': [48664]}
662 29 {'t': [8853, 8867, 8869, 8870, 8871, 48104]}
662 79 {'t': [31165]}
662 181 {'t': [17509, 17510]}
662 120 {'t': [13954, 13955, 13957, 13991, 13992, 13993, 34710]}
662 311 {'t': [9416, 9426, 9433, 9697, 13415, 13419, 14396, 14397, 14398, 14399, 39621, 40119, 40353, 40354, 40355, 40357, 40413, 44299, 44300, 44301, 44302, 44303, 44304, 44305, 44306, 44307, 44308, 44309, 44310, 44311, 44312, 44313, 44314, 44324, 44325, 44341, 44342, 44354, 44700]}
662 496 {'t': [9426, 14405, 14430, 31694]}
662 132 {'t': [13952, 13955, 13960, 13978]}
662 819 {'t': [39942, 39943, 39944, 39949, 39951, 39952, 39954, 39955, 39956]}
662 222 {'t': [39680]}
662 205 {'t': [30445, 40364, 40365, 40366, 43420]}
662 80 {'t': [9423, 31054]}
662 771 {'t': [9584]}
662 101 {'t': [9584]}
662 113 {'t': [13959]}
662 939 {'t': [30441, 30443, 30444, 31242]}
662 63 {'t': [31445]}
662 95 {'t': [40232, 40236, 40237, 40239, 40240, 40241, 40242, 40243, 40244, 40245, 40246, 40249, 44233]}
662 211 {'t': [40358]}
662 779 {'t': [43402, 43403]}
209 48 {'t': [763, 764, 765, 778, 787, 788, 789, 790, 18962, 30536, 30856, 30859, 36145, 36153, 36155, 36156, 36157, 44077, 44083, 44853, 44854, 44855, 44856, 44857, 48488, 48490]}
209 179 {'t': [775, 776, 40658, 40659, 40660]}
209 17 {'t': [776, 9409, 35492]}
209 66 {'t': [777, 783, 785, 786, 790]}
209 285 {'t': [971]}
209 21 {'t': [1012, 1016]}
209 875 {'t': [4899, 18405, 47707, 47708, 48269]}
209 150 {'t': [8901]}
209 50 {'t': [9407, 9408, 9409]}
209 771 {'t': [13980]}
209 119 {'t': [18373]}
209 275 {'t': [35350]}
209 101 {'t': [39091]}
211 311 {'t': [40359]}
211 496 {'t': [39841]}
211 222 {'t': [8974]}
211 213 {'t': [18180, 39803, 39804, 39805, 39806, 39807, 39808, 39809, 39810, 39811, 39812, 39813, 39814, 39815, 39816, 39817, 39818, 39819, 39820, 39821, 39822, 39823, 39824, 39825, 39826, 39827, 40349, 40745]}
211 119 {'t': [4756]}
211 116 {'t': [9033, 9035, 9689, 9690, 9692, 9693, 10020, 10021]}
211 762 {'t': [35962, 35965]}
211 80 {'t': [38954]}
211 335 {'t': [40542]}
116 29 {'t': [10009]}
116 311 {'t': [14395, 14396]}
116 222 {'t': [5379]}
116 95 {'t': [9104]}
116 762 {'t': [1289, 4738, 13301, 14147, 14148]}
116 481 {'t': [1362, 1373]}
116 335 {'t': [4737, 4738, 13292, 13293, 13299]}
116 63 {'t': [5338, 5340, 5341, 5342, 5343, 5344, 5345, 5347, 5348, 5349, 5350, 5351, 5352, 5353, 5356, 5360, 5361, 5362, 5363, 5364, 5365, 5366, 5367, 5368, 5369, 5370, 5371, 5372, 5373, 5374, 5375, 5376, 9653, 9654, 9655, 9656, 9657, 9658, 9659, 9660, 9661, 9662, 9666, 9667, 9673, 9697, 9700]}
116 709 {'t': [9659, 9660, 9667, 9701, 9862, 10216]}
116 150 {'t': [10163]}
116 771 {'t': [14124]}
481 311 {'t': [95]}
481 285 {'t': [1529, 1588, 1589]}
481 709 {'t': [8872, 9454, 9460, 9657, 9698, 9699, 9703, 9740, 10273, 13701, 18594, 18610, 18848, 18849, 18850, 30839, 31820, 31821, 34870, 34871, 34872, 34920, 34950, 34952, 35086, 35087, 35091, 35747, 35928, 40180, 43533]}
481 533 {'t': [14726, 44291, 48826]}
481 448 {'t': [17634, 17635, 17643, 17644, 17655, 17656, 17657, 17658, 17659, 17660, 17661, 17662, 17663, 17664, 17665, 17668, 17669, 17670, 17671, 17672, 17673, 17674, 17715, 17716, 17911]}
481 63 {'t': [474, 483, 484, 485, 486, 487, 489, 490, 493, 494, 495, 498, 499, 502, 695, 810, 1062, 1402, 1403, 1407, 1423, 1424, 1428, 1429, 5061, 5065, 5247, 5248, 5249, 5255, 5256, 5257, 5258, 5259, 5260, 5261, 5262, 5263, 5265, 5268, 5269, 5272, 5273, 5274, 5275, 5276, 5277, 5278, 5279, 5280, 5281, 5282, 5284, 5285, 5286, 5287, 5288, 5289, 5290, 5291, 5292, 5293, 5294, 5295, 5296, 5297, 5298, 5299, 5301, 5303, 5304, 5305, 5306, 5307, 5308, 5309, 5310, 5311, 5312, 5318, 5323, 5327, 5329, 5330, 5331, 5332, 5333, 5334, 5335, 5336, 5337, 5344, 5347, 5348, 5349, 5350, 5351, 5352, 5353, 5359, 5361, 5362, 5363, 5364, 5366, 5367, 5368, 5369, 5370, 5371, 5372, 5373, 5375, 5377, 5382, 5387, 5388, 5389, 5390, 5391, 5393, 5395, 5396, 5397, 5398, 5400, 5402, 5643, 5644, 5651, 5652, 5663, 5668, 6060, 6065, 6067, 9301, 9343, 9447, 9456, 9458, 9487, 9556, 9558, 9559, 9576, 9577, 9578, 9618, 9620, 9622, 9656, 9658, 9703, 9704, 9850, 9851, 9852, 9853, 9854, 13232, 13374, 13376, 13552, 13553, 14026, 14396, 14402, 14527, 14704, 14727, 14731, 17523, 17524, 18040, 18041, 18049, 18050, 18746, 30576, 30660, 30843, 30984, 31357, 31373, 31952, 31953, 31960, 31962, 32030, 32031, 34861, 34887, 34893, 34894, 34895, 34896, 34897, 34922, 34923, 34926, 34927, 34929, 34941, 34942, 34988, 34996, 35004, 35005, 35010, 35063, 35068, 35070, 35071, 35074, 35075, 35087, 35088, 35145, 35158, 35172, 35209, 35214, 35650, 35651, 35652, 35653, 35654, 35655, 35919, 35979, 35999, 36301, 39185, 39186, 39189, 39389, 39390, 39391, 39392, 39393, 39394, 39396, 39397, 39398, 39401, 39403, 39408, 39409, 39551, 39564, 39565, 39567, 43454, 43455, 43466, 43470, 43472, 43473, 43474, 43475, 43477, 43478, 43480, 43484, 43485, 43486, 43487, 43488, 43489, 43490, 43491, 43492, 43493, 43494, 43495, 43496, 43497, 43498, 43499, 43500, 43501, 43502, 43503, 43504, 43505, 43506, 43507, 43508, 43520, 43525, 43558, 43611, 44135, 44146, 44182, 44183, 44184, 44185, 44272, 44292, 44293, 44294, 44295, 44296, 44297, 44298, 44299, 44300, 44320, 44410, 44449, 44450, 44451, 44452, 44453, 44454, 44455, 44457, 44495, 44521, 44522, 44523, 44550, 44561, 44643, 44857, 47804, 47807, 47808, 47809, 47826, 47829, 47833, 47834, 47835, 49004]}
481 271 {'t': [5146, 17626, 35052, 35053]}
481 150 {'t': [5836, 14030, 14031, 18794, 30418, 31261, 31360, 48845]}
481 499 {'t': [9709]}
481 153 {'t': [9730]}
481 154 {'t': [17630, 17631, 36119, 36134]}
875 172 {'t': [43928]}
875 87 {'t': [44491]}
875 938 {'t': [49147]}
875 285 {'t': [973, 974, 975, 976, 977, 978, 981, 982, 983, 988, 990, 997, 1005, 4873, 43528, 43530, 43531, 43532, 43533, 43534, 43535, 43539, 43540, 43541, 43544, 43545, 43546, 43547, 43648, 43655, 43660, 43663, 43664, 43665, 43666, 43667, 43668, 43669, 44408, 44444, 44449, 48811]}
875 275 {'t': [978]}
875 119 {'t': [1014, 44491]}
875 50 {'t': [1105, 1425, 13729, 17825, 17842, 17845, 17850, 31977, 31978, 31979, 31980, 35060, 35061, 35062, 35063, 35064, 35065, 39154, 39159, 39160, 39162, 39165, 39401, 43959, 43960, 43961, 43962, 43963, 43966, 48261, 48262]}
875 762 {'t': [1408, 1412, 1427, 13895, 30637, 30647, 30652]}
875 48 {'t': [4581, 5773, 30430]}
875 80 {'t': [4618, 31740, 31741, 31743, 31744, 31746, 31747, 31748, 31759, 39075]}
875 17 {'t': [5754, 34893, 35931, 39074, 39075, 39143, 39154]}
875 179 {'t': [9683, 9684]}
875 431 {'t': [13973, 13975]}
875 784 {'t': [13976, 39617, 44218]}
875 102 {'t': [31505, 35925, 39174]}
875 101 {'t': [39074, 39079, 39080, 39081, 39082, 39083, 39084, 39085, 39086, 39087, 39088, 39089, 39090]}
875 335 {'t': [39091]}
875 21 {'t': [39294, 48268]}
240 938 {'t': [1568, 5686, 5687, 5811, 5813, 43329, 49053, 49054]}
240 80 {'t': [18060, 18062]}
240 102 {'t': [993, 994]}
240 762 {'t': [30744]}
240 119 {'t': [43790, 43791, 43792, 43793, 43794, 43796, 43799]}
240 105 {'t': [18077]}
240 431 {'t': [17552, 17553, 17554, 17555, 17560, 17564, 17570, 17571, 17572, 17573, 17574, 17576, 17577, 17578, 17579, 17580, 17581, 17582, 17583]}
240 285 {'t': [800, 801, 802, 48555]}
240 275 {'t': [795]}
240 50 {'t': [18064, 18068, 18069, 18191, 18201]}
240 63 {'t': [18318]}
122 29 {'t': [34839]}
122 79 {'t': [120, 31769, 31772, 31775, 31776, 31778, 31780, 31783, 31791, 31797, 31805, 31806, 31807, 31808, 31809, 31810, 31811, 31812, 31813, 31815, 31816, 31817, 31818, 31819, 31820, 31821, 31822, 31823, 31824, 31828, 31829, 31831, 31832, 31833, 31835, 31836, 31837, 31838, 31886, 31905, 31906]}
122 164 {'t': [44249]}
122 709 {'t': [35985]}
122 533 {'t': [30418, 30419, 30420, 30421, 30422, 30423, 30424, 30425, 30427, 31802, 31803, 31805, 31810, 31811, 31812, 31813, 31814, 31815, 31816, 31817, 31818, 31821, 31822, 31823, 31824, 31828, 31829, 31831, 31843, 31844, 31845, 31850, 31857, 31883, 31884, 31890, 31892, 31893, 31894, 31895, 31896, 31898, 31899, 34959, 39083, 39084, 39085, 39092, 39093, 40397, 40398, 44249, 44250, 44251]}
122 448 {'t': [151, 152, 153, 154, 30687, 30688, 30689]}
122 154 {'t': [30570, 30571, 31685, 31686, 31687, 31691, 31693, 31698, 31699, 31700, 31701, 31702, 34804, 34805, 34806, 34807, 34808, 34932, 35940, 35941, 35942, 35973, 35974, 36199, 36207, 39055, 39646, 39647, 39648, 40151, 40152, 40156, 40166, 40400, 40401, 40403, 40408, 40428, 40687, 40688, 40690, 40691, 43538, 43539, 43540, 43541, 43554, 43555, 43556, 43953, 44890, 44892, 44893, 44894, 44895, 44900, 44905, 44906, 44907, 44909, 48040, 48041, 48042, 48043, 48055]}
122 271 {'t': [30546, 30547, 30548, 30551, 30552, 30556, 34731, 35913, 35983, 35984, 35986, 35988, 35989, 35990, 40688]}
122 63 {'t': [31940, 36298, 36299, 39314]}
122 153 {'t': [35994, 36033, 36035, 40030, 40031, 40059, 40060, 40091, 40463, 40464, 44009, 44010, 44773, 44784, 44810, 44811]}
511 101 {'t': [34911, 34912, 34913, 34914, 34918, 34922, 34924, 34925, 34926, 34927, 34928, 34929, 34931, 34932, 34933, 34934, 34937, 34938, 34939, 34940, 34941, 34942, 34943, 34944, 34946, 34947, 34948, 34949, 34951, 34952, 34956, 34961, 34962, 34963, 34964, 34966, 34967, 34968, 34969, 34970, 34971, 34973, 34975, 34976, 34977, 34979, 34981, 34982, 34984, 34985, 34987, 34991, 34992, 34993, 35001, 35006, 35012, 35015, 35016, 35017, 35024, 35025, 35026, 35027, 35032, 35034, 35037, 35039, 35042, 35043, 35044, 35045, 35047, 35051, 35054, 35195]}
511 335 {'t': [1105]}
511 762 {'t': [4766, 18835, 18839, 18841, 18859, 39379, 48972]}
511 771 {'t': [4895, 13349]}
80 172 {'t': [14022]}
80 311 {'t': [808, 882, 883, 5369, 9431, 18161, 18170, 31059, 39756, 39782, 39783]}
80 222 {'t': [768, 780, 797, 798, 799, 800, 801, 802, 811, 812, 813, 815, 816, 822, 827, 854, 876, 932, 933, 941, 31052, 31185, 31195, 31196, 31200, 31203, 31204]}
80 95 {'t': [78]}
80 494 {'t': [832, 833, 834, 835, 18158]}
80 765 {'t': [785, 786, 790, 792, 793, 794, 795, 813, 814, 815, 822, 824, 825, 826, 828, 829, 830, 831, 832, 833, 834, 835, 888, 48407]}
80 213 {'t': [48507]}
80 48 {'t': [965, 18051]}
80 762 {'t': [1347]}
80 771 {'t': [4442, 5589]}
80 153 {'t': [5308]}
80 335 {'t': [5465, 5481]}
80 21 {'t': [9413]}
80 102 {'t': [13250, 39984, 39985, 43526, 47726]}
80 431 {'t': [13814]}
80 50 {'t': [17870, 17961, 17962, 39951, 39952, 39953, 39954, 39955, 39956, 39957, 39969, 39970, 39988, 39989, 39996, 40024, 40026, 40027, 40041, 44470, 48143, 48147]}
80 101 {'t': [30609]}
80 275 {'t': [31063]}
80 285 {'t': [44269, 44270, 44271, 44272, 44273, 44276, 44277, 44278, 44282]}
80 17 {'t': [47813, 47831, 47832, 47833]}
311 172 {'t': [634, 639, 640, 668, 669, 672, 673, 674, 675, 676, 677, 678, 679, 680, 682]}
311 29 {'t': [35597, 35627]}
311 79 {'t': [961, 31040]}
311 181 {'t': [18166]}
311 56 {'t': [13270, 13273, 13416, 13418]}
311 164 {'t': [87, 44110]}
311 242 {'t': [6141, 6148, 18384]}
311 120 {'t': [635, 642]}
311 95 {'t': [78, 79, 80, 81, 82, 83, 260, 262, 263, 4930, 4934, 4935, 4937, 4938, 4939, 4940, 4941, 4942, 4943, 4944, 4945, 4946, 4947, 4948, 4949, 4950, 4951, 4952, 4953, 4954, 4955, 4956, 4957, 4958, 4959, 4960, 4961, 4962, 4963, 4964, 4965, 4966, 4967, 4968, 4969, 4970, 4971, 4972, 4973, 4974, 4975, 4976, 4977, 4978, 4979, 4980, 4981, 4982, 4983, 4984, 4985, 4986, 4987, 4988, 4989, 4990, 4991, 4992, 4993, 4994, 4995, 4996, 4997, 4998, 5007, 5008, 5009, 5010, 5011, 5012, 5013, 5014, 5015, 5016, 5017, 5018, 5019, 5020, 5021, 5022, 13414, 14245, 18375, 18396, 18827, 18828, 44891, 44896]}
311 771 {'t': [81, 9584]}
311 786 {'t': [246, 247, 250, 251, 252, 257]}
311 205 {'t': [261, 272, 808, 813, 817, 819, 5809, 39706, 39707, 39708, 39709, 39710, 39711, 39712, 39713, 39714, 39715, 39717, 39718, 39742, 39746, 39747, 39750, 39755, 39759, 39760, 39761, 39762, 39763, 39764, 39822, 39823, 40414, 40686]}
311 496 {'t': [280, 384, 385, 809, 818, 875, 876, 877, 885, 886, 887, 888, 889, 890, 895, 907, 910, 924, 925, 926, 928, 929, 941, 942, 943, 947, 955, 959, 960, 962, 5534, 5538, 5539, 5540, 5541, 5542, 5543, 5544, 5545, 5546, 5547, 5548, 5567, 5568, 5569, 5570, 5583, 5584, 5585, 5586, 5588, 5589, 5590, 5592, 5593, 5815, 5843, 18915, 31168, 31169, 31171, 31172, 31173, 31182, 31183, 31187, 31188, 35379, 35380, 35488, 35489, 35490, 35491, 35499, 35500, 35501, 35503, 48331]}
311 222 {'t': [5378, 5379, 31052, 31053, 39698]}
311 819 {'t': [5811, 14213, 14214, 14215, 31228, 31241, 31242, 44344, 44345]}
311 335 {'t': [9584, 13898]}
311 50 {'t': [13227, 14036, 14137, 14138, 14151, 14155, 14171, 30594, 30596, 30597, 30598, 30604, 30606, 30607, 30608, 30609, 30615, 30616, 30617, 30618, 30619, 30620, 30870, 39267, 39268, 39269, 39270, 39272, 39273, 39274, 39275, 39276, 39280, 39281, 39282, 39283, 39284, 39285, 39286, 39287, 39288, 39289, 39290, 39291, 39292, 39293, 39294, 39295, 39296, 39297, 39298, 39299, 39300, 39301, 39302, 39303, 39304, 39305, 39306, 39307, 39308, 39309, 39310, 39311, 39312, 39313, 39314, 39315, 39316, 39317, 39318, 39319, 39320, 39321, 39322, 39323, 39324, 39325, 39326, 39327, 39328, 39329, 39330, 39331, 39332, 39333, 39334, 39335, 39336, 39337, 39338, 39339, 39340, 39341, 39352, 39363, 39365]}
311 48 {'t': [13227]}
311 275 {'t': [31050, 31052, 31053, 31061, 31062]}
311 213 {'t': [31054, 39784]}
311 939 {'t': [31227, 43521, 43522, 43523]}
311 765 {'t': [43978]}
494 120 {'t': [1109, 1110, 1111, 1112, 1113, 1115, 1116, 1117, 1118, 1119, 1120, 1121, 1122, 1123, 1124, 1125, 1126, 1129, 1130, 1131, 1132, 1133, 1141, 1142, 1143, 1144, 1145, 1146, 1147, 1148, 1149, 1150, 1151, 1152, 1157, 1158, 1159, 1160, 1161, 1162, 1163, 1164, 1165, 1166, 1167, 1168, 1169, 1170, 1171, 1172, 1173, 1174, 1204, 1212, 1213, 1249, 1254, 1292, 1294, 1295, 1296, 1302, 1304, 1311, 1314, 1315, 1319, 1320, 1337, 1338, 1339, 1340, 1341, 1343, 1344, 1346, 1347, 1348, 1349, 1351, 1352, 1355, 1362, 1368, 1369, 1372, 1373, 1378, 1379, 1380, 1381, 1382, 1551, 1552, 1553, 1561, 1595, 1596, 1597, 1598, 1599, 1600, 1604, 1627, 1783, 4857, 4858, 4859, 4860, 4861, 4862, 4863, 4864, 4865, 4866, 4867, 4868, 4869, 4870, 4871, 4872, 4873, 4874, 4875, 4878, 4887, 4888, 4889, 4890, 4891, 4894, 4895, 4896, 5344, 5346, 5350, 5351, 5352, 5354, 5355, 5356, 5357, 5358, 5359, 5361, 5362, 5368, 5369, 5370, 5371, 5372, 5373, 5374, 5375, 5376, 5377, 5378, 5608, 5609, 5808, 5863, 5866, 6159, 6160, 8820, 31321, 31375, 31379, 31381, 31408, 31409, 31410, 31412, 31423, 31435, 31436, 31444, 31445, 31454, 31455, 31456, 31457, 31458, 31459, 31460, 31463, 31464, 31465, 31466, 31501, 31504, 31505, 31506, 31509]}
494 95 {'t': [14505]}
494 786 {'t': [34906]}
494 765 {'t': [750, 751, 756, 839, 5182, 13754, 18066, 18067, 18068, 18069, 18070, 18071, 18161, 18216, 18218, 18219, 18220, 18221, 18222, 18223, 31031, 31158, 35408, 35410, 35413, 39625, 39801, 39802]}
709 150 {'t': [8903, 10119, 10120, 10121, 10122, 10123, 13312, 13320, 13958, 14147, 14148, 17624, 18032, 18855, 18856, 18857, 31352, 31353, 31367, 31373, 31378, 35152, 35153, 35265, 35268, 35269, 35270, 35271, 35272, 35273, 35274, 35275, 35276, 35277, 35919, 35921, 35922, 35985, 39166, 39168]}
709 153 {'t': [8929, 9824, 9825, 9826, 9827, 9847, 9848, 35923]}
709 63 {'t': [9232, 9339, 9340, 9454, 9457, 9459, 9461, 9462, 9463, 9475, 9517, 9535, 9539, 9540, 9547, 9558, 9576, 9579, 9580, 9593, 9600, 9657, 9658, 9661, 9662, 9663, 9665, 9666, 9667, 9669, 9670, 9671, 9672, 9673, 9675, 9699, 9700, 9701, 9704, 9705, 9706, 9716, 9721, 9722, 10002, 10089, 13601, 17621, 17643, 17775, 18031, 18516, 30516, 30518, 30520, 30521, 30522, 30524, 30530, 30532, 31498, 31500, 31770, 31775, 31776, 31942, 31943, 31945, 31947, 32032, 34961, 34962, 34990, 34992, 34993, 35003, 35007, 35009, 35024, 35028, 35029, 35665, 35666, 35667, 35668, 35674, 35681, 35929, 35930, 35998, 35999, 36000, 36001, 36002, 36003, 36004, 36005, 36006, 36007, 39125, 39327, 39379, 39380, 39381, 39383, 39384, 39385, 39386, 39425, 39427, 39428, 39429, 39433, 39434, 39506, 44158, 44389, 44550, 44551, 44553, 44554, 44555, 44638, 47792, 47801, 47802, 47820, 48228, 48229]}
709 601 {'t': [13283, 13288, 13289, 13299, 13300, 13301, 13304, 13308, 13310, 13311, 13312, 13313, 13315, 13316, 13317, 13318, 13319, 13320, 13321, 13322, 13323, 13326]}
709 533 {'t': [14091, 31657, 31658, 31699, 31700, 31701, 31710, 32024, 34953]}
709 271 {'t': [35036, 35037, 35039, 35040, 35045, 35046, 35047, 35048, 35050, 35051, 35690, 35691, 35692, 35732, 35733, 35922, 35923]}
709 154 {'t': [40222, 40223]}
50 179 {'t': [288, 39620]}
50 48 {'t': [13228, 13229, 35553]}
50 102 {'t': [1061, 31530, 31531, 31532, 31533, 31534, 31535, 31536, 31538, 31542, 31571, 31572, 31573, 35196, 35197, 35206, 35213, 35214, 35215, 35217, 35438, 35446, 39202, 39222, 39255, 39256, 39591, 39593, 39984, 39985, 39986, 39987, 43442, 48494]}
50 762 {'t': [13248, 13249, 17871, 17874, 17907, 18947, 18948, 40101, 40102, 40104]}
50 17 {'t': [9087, 9394, 9395, 9396, 31173, 35553, 35997, 44863]}
50 119 {'t': [14561, 14567, 14568, 14572, 14573, 14574]}
50 771 {'t': [709, 710, 1086, 8901, 8904, 8924, 14466, 14467, 14469, 14472, 14473, 14476, 14479, 14483, 14485, 14512, 14513, 14524, 14529, 14539, 14553, 14567, 17561]}
50 784 {'t': [39144, 39145, 47775]}
50 285 {'t': [43462, 43978]}
50 335 {'t': [542, 8901, 8902, 14725]}
50 275 {'t': [39420]}
242 113 {'t': [905, 909, 910, 911, 14385]}
242 95 {'t': [4589, 18298]}
150 213 {'t': [18712]}
150 21 {'t': [60, 62, 154, 174]}
150 762 {'t': [430, 431, 432, 433, 434, 18509, 18514]}
150 119 {'t': [13356]}
150 285 {'t': [1607, 1608]}
150 533 {'t': [4677, 4678, 4687, 4688, 4694, 4695, 4696, 4700, 4702, 4703, 4704, 4705, 4708, 4710, 4712, 4722, 4723, 4726, 4727, 4728, 4730, 4732, 17438, 17439, 17454, 17542, 17556, 17557, 17632, 17785, 17989, 17990, 30546, 30547, 30548, 30549, 34701, 34702, 34703, 34704, 34705, 34707, 34740, 34741, 34750, 34751, 34752, 34753, 34761, 34762, 34763, 34775, 34776, 34777, 34778, 34781, 34782, 34783, 34784, 34815, 34817, 34818, 34820, 34821, 34831, 34832, 34833, 34839, 34840, 34841, 34842, 34843, 34844, 34846, 34847, 34848, 34849, 34851, 34852, 34853, 34856, 34857, 34858, 34859, 34860, 34861, 34862, 34863, 34864, 34865, 34867, 34868, 34874, 34875, 34876, 34877, 34878, 34879, 34880, 34881, 34882, 34883, 34887, 34903, 34943, 34945, 34946, 34947, 34976, 39120, 43323, 43343, 43362, 47869, 47870, 47871, 47872, 47873, 47874, 47875, 47876, 47877, 47878, 47879, 47887, 47889, 47892, 47896, 47897, 47898, 47899, 47900, 47901, 47902, 47903, 47904, 47905, 47906, 47922, 47923, 47944, 48678, 48679, 48717, 48790]}
150 448 {'t': [44039]}
150 154 {'t': [742, 743, 744, 745, 747, 750, 751, 752, 753, 756, 757, 4403, 4582, 4583, 17628, 34941, 35264, 39097, 39098, 39099, 39100]}
150 153 {'t': [9374, 35182, 35998, 36021, 36154, 39543, 40144, 48699, 48849]}
150 601 {'t': [293, 406, 17626, 17630, 17653, 17667, 17673, 17790, 17808, 17820, 30450, 30460, 31121, 49274, 49275, 49292, 49311, 49318, 49328, 49329, 49331, 49380, 49381]}
150 271 {'t': [275, 276, 4777, 4778, 4779, 4780, 4781, 4782, 4783, 4784, 4785, 4788, 4789, 4796, 4797, 4798, 4799, 4800, 4801, 14428, 17674, 31042, 35825, 35985, 35986, 35987, 35988, 36155, 39512, 40241, 40242, 40243, 40244, 40245, 40246, 40247, 40248, 40249, 40334, 40335, 40336, 40337, 40338, 40339, 40340, 40342, 40343, 40344, 40345]}
150 63 {'t': [9788, 17624, 17625, 17626, 17627, 17629, 17630, 17631, 17643, 17644, 17651, 17652, 17653, 17688, 17717, 17737, 17749, 17787, 17792, 17794, 17795, 17852, 17856, 17857, 17858, 17860, 17862, 17956, 17957, 17982, 17989, 18030, 18032, 18043, 30985, 31261, 31359, 31360, 31361, 31372, 31374, 35264]}
150 499 {'t': [13139, 14173, 14174, 17563, 17569, 34700, 40114, 40121, 40129, 43274]}
271 29 {'t': [298]}
271 222 {'t': [31095]}
271 765 {'t': [35608]}
271 102 {'t': [955]}
271 533 {'t': [4643, 4651, 4774, 4775, 6199, 6200, 13740, 40223, 44382, 44519, 44532, 44533, 44534, 44549, 44559, 44560, 44561, 44562, 44577, 44580, 44591]}
271 448 {'t': [296, 34814, 34815, 35749]}
271 154 {'t': [6109, 6110, 6117, 6120, 6121, 6123, 34743, 34746, 35055, 35234, 35618, 40393, 40685, 44331]}
271 492 {'t': [4831, 5371, 6004, 13198, 13319, 13320, 13322, 13332, 13333, 13334, 13739, 13741, 13947, 14062, 17503, 17504, 17505, 17506, 17507, 31892, 31893, 31894, 31895, 31902, 31905, 31914, 31969, 31975, 31976, 31982, 31984, 40105, 40106, 40107, 40108, 40109, 40110, 40111, 40112, 40113, 40114, 40115, 40117, 40118, 40119, 40122, 40123, 40127, 40133, 40134, 40135, 40136, 40137, 40138, 40139, 40140, 40143, 40144, 40145, 40146, 40147, 40151, 40554, 40555, 40556, 40557, 40558, 40701, 40702, 40703, 40704, 40705, 40706, 40707, 40708, 40709, 40710, 40711, 40712, 40713, 40721, 40725, 40730, 40737, 40738, 40741, 40742, 40743, 40745, 40753, 40756, 40757, 40758, 40759, 40760, 40762, 40856]}
271 153 {'t': [5314, 5372, 5377, 5639, 5640, 5641, 5642, 5643, 5644, 5645, 5646, 5647, 5648, 5657, 5659, 5812, 5830, 5845, 5891, 5896, 5898, 5899, 5902, 5903, 5908, 5912, 5913, 5919, 5920, 5921, 5928, 5929, 5930, 5931, 5933, 5938, 5954, 5978, 5979, 5980, 5984, 5985, 5987, 5991, 5992, 5993, 5994, 5997, 5998, 5999, 6004, 6005, 6006, 6014, 6017, 6022, 6023, 6024, 6025, 6026, 6027, 6028, 6029, 6030, 6031, 6032, 6033, 6034, 6035, 6036, 6037, 6038, 6041, 6042, 6043, 6044, 6045, 6046, 6047, 6048, 6049, 6050, 6051, 6052, 6055, 6060, 6063, 6064, 6065, 6070, 6071, 6072, 6078, 6079, 6081, 6084, 6085, 6086, 6087, 6088, 6089, 6091, 6092, 6093, 6095, 6109, 13210, 13211, 13213, 13214, 13215, 13216, 13218, 13309, 13338, 13354, 13494, 13495, 13496, 13498, 13711, 13712, 13715, 13718, 13719, 13727, 13728, 13730, 13733, 13736, 13738, 13740, 13741, 13942, 13944, 13946, 13950, 13951, 14000, 14001, 14051, 14122, 14195, 14335, 14364, 14369, 14372, 14375, 14377, 14378, 14424, 14440, 14445, 14509, 14510, 14525, 14534, 14535, 14565, 14566, 14567, 14568, 14641, 14642, 14643, 14644, 14645, 14646, 14647, 14648, 14649, 14650, 14651, 14653, 14654, 14656, 14657, 14660, 14661, 14662, 14663, 14664, 14665, 14666, 14667, 14668, 14669, 14671, 14672, 14674, 14675, 14676, 14677, 14678, 14680, 14693, 34880, 35093, 35097, 35098, 35103, 35104, 35105, 35106, 35120, 35121, 35122, 35123, 35125, 35126, 35127, 35128, 35129, 35130, 35132, 35273, 35685, 35693, 35739, 35770, 35771, 35992, 35997, 36005, 36011, 36013, 36020, 36021, 36022, 36023, 36033, 36034, 36035, 36037, 36038, 36047, 36048, 36049, 36050, 36057, 36058, 36065, 36069, 36071, 36074, 36075, 36081, 36088, 36089, 36090, 36092, 36093, 36094, 36097, 36098, 36100, 36101, 36102, 36108, 36109, 36123, 36124, 36125, 36126, 36129, 36133, 36134, 36135, 36136, 36155, 36157, 39093, 39094, 39095, 39096, 39097, 39098, 39099, 39100, 39101, 39102, 39103, 39104, 39105, 39130, 39131, 39132, 39133, 39134, 39135, 39136, 39142, 39143, 39144, 39145, 39146, 39147, 39156, 39157, 39158, 39166, 39168, 39169, 39172, 39173, 39174, 39176, 39177, 39179, 39180, 39181, 39182, 39183, 39184, 39185, 39186, 39187, 39188, 39189, 39192, 39194, 39195, 39196, 39197, 39199, 39200, 39201, 39202, 39203, 39205, 39206, 39207, 39209, 39214, 39215, 39216, 39217, 39218, 39219, 39220, 39221, 39222, 39223, 39224, 39225, 39226, 39227, 39228, 39229, 39230, 39231, 39237, 39238, 39239, 39240, 39318, 39319, 39320, 39322, 39334, 39335, 39336, 39337, 39340, 39341, 39342, 39343, 39344, 39345, 39346, 39347, 39348, 39349, 39350, 39351, 39352, 39355, 39356, 39357, 39358, 39359, 39360, 39363, 39365, 39366, 39370, 39391, 39392, 39393, 39394, 39395, 39396, 39397, 39398, 39399, 39519, 39569, 39803, 40096, 40098, 40178, 40179, 40180, 40181, 40182, 40183, 40389, 40392, 40617, 40620, 40684, 40685, 43419, 43420, 43724, 43725, 43726, 43727, 43728, 43856, 43908, 44034, 44293, 44383, 44402, 44403, 44404, 44418, 44420, 44422, 44425, 44427, 44428, 44429, 44433, 44434, 44435, 44436, 44437, 44446, 44447, 44450, 44451, 44452, 44453, 44454, 44455, 44456, 44459, 44460, 44461, 44462, 44463, 44464, 44465, 44466, 44467, 44468, 44469, 44470, 44471, 44472, 44473, 44475, 44476, 44477, 44478, 44479, 44480, 44481, 44485, 44528, 44529, 44599, 44863, 44864, 44865, 44866, 44867, 44868, 44872, 47912, 47913, 47914, 47915, 47916, 47917, 47918, 47919, 47920, 47922, 47923, 47924, 47925, 47926, 47927, 47928, 47929, 47930, 47931, 47932, 47933, 47934, 47935, 47936, 47937, 47938, 47939, 47940, 47941, 47942, 47943, 47944, 47945, 47946, 47947, 47948, 47949, 47950, 47951, 47952, 47953, 47954, 47958, 47959, 47960, 47962, 47963, 47965, 47968, 47969, 47970, 47971, 47972, 47973, 47974, 47975, 47976, 47977, 47978, 47979, 47980, 47981, 47982, 47983, 47984, 47985, 47987, 47990, 47992, 47993, 47994, 47995, 48014, 48015, 48022, 48023, 48024, 48025, 48026, 48027, 48028, 48029, 48030, 48031, 48032, 48033, 48034, 48035, 48036, 48037, 48038, 48039, 48040, 48041, 48042, 48043, 48044, 48045, 48046, 48047, 48048, 48049, 48050, 48051, 48054, 48055, 48056, 48057, 48058, 48062, 48066, 48069, 48071, 48073, 48074, 48076, 48078, 48085, 48087, 48089, 48090, 48091, 48092, 48093, 48126, 48127, 48128, 48144, 48164, 48165, 48166, 48167, 48168, 48169, 48174, 48175, 48176, 48177, 48179, 48182, 48183, 48184, 48186, 48187, 48188, 48189, 48192, 48193, 48194, 48195, 48196, 48197, 48198, 48199, 48219, 48223, 48224, 48225, 48232, 48233, 48234, 48236, 48237, 48238, 48239, 48240, 48294, 48803, 48804, 48805, 48813, 48814, 48816, 48820, 48821, 48822, 48823, 48824, 48828, 48829, 48834, 48840, 48841, 48854, 48855, 48858, 48860, 48861, 48862, 48863, 48865, 48866, 48867, 48868, 48869, 48870, 48871, 48873, 48874, 48875, 48876, 48877, 48878, 48881, 48882, 48883, 48884, 48885, 48886, 48892, 48896, 48900, 48901, 48902, 48903, 48904, 48905, 48906, 48908, 48910, 48913, 48914, 48915, 48916, 48917, 48918, 48920, 48921, 48922, 48923, 48924, 48941, 48942, 48943, 48944, 48945, 48953, 48960, 48962, 48963, 48964, 48966, 48968, 48971, 48984, 48985, 48986, 48992, 48998, 49000, 49047, 49048, 49049, 49050, 49051, 49053]}
271 601 {'t': [226, 261, 288, 291, 297, 300, 301, 302, 303, 304, 305, 306, 307, 308, 309, 310, 311, 312, 316, 317, 318, 324, 337, 338, 340, 341, 805, 808, 956, 957, 958, 959, 963, 965, 967, 970, 971, 975, 977, 980, 981, 982, 4748, 5300, 5301, 17571, 17627, 17628, 17629, 17630, 17631, 17632, 17633, 17634, 17635, 17636, 17637, 17638, 17639, 17642, 17643, 17644, 17650, 17651, 17666, 17676, 17677, 17678, 17679, 17682, 30559, 30562, 30564, 30565, 30580, 30585, 30587, 31042, 31047, 31048, 31094, 31096, 31103, 31104, 31492, 31493, 31494, 31495, 31496, 31498, 31499, 31500, 31501, 31502, 34751, 34762, 34763, 34764, 34766, 34767, 35759, 35760, 35761, 35762, 35763, 35765, 35767, 35768, 35769, 39666, 39667, 39668, 39670, 39815]}
271 63 {'t': [812, 35266, 35267, 35736]}
271 499 {'t': [4727, 14246, 14247, 34999, 35001, 35212, 35748, 35778, 47747]}
102 79 {'t': [971]}
102 56 {'t': [35092, 43349]}
102 179 {'t': [787, 788, 789, 790, 39795]}
102 101 {'t': [36235]}
102 17 {'t': [783, 788, 789, 790, 1435, 1443, 1444, 36235, 36236, 40659, 40660, 40662, 40663]}
102 66 {'t': [785, 786, 787, 788, 789, 790, 933]}
102 601 {'t': [955]}
102 335 {'t': [4629, 4630, 5422, 5427, 34937, 36236]}
102 762 {'t': [5724, 13380, 31252]}
102 771 {'t': [13327, 13328]}
102 448 {'t': [34743]}
205 56 {'t': [5297, 5298, 5299, 5300, 5325, 5326, 13925]}
205 120 {'t': [5342]}
205 496 {'t': [788, 805, 806, 808, 809, 810, 811, 812, 813, 814, 816, 817, 818, 819, 820, 821, 822, 823, 824, 825, 826, 830, 961, 31246, 31248]}
205 819 {'t': [5814, 5815, 44097, 44098]}
205 21 {'t': [62, 82]}
205 153 {'t': [85]}
205 95 {'t': [260, 4913, 4923, 13424]}
205 939 {'t': [9237, 9238, 9239, 9243, 9244, 9245, 9246]}
205 63 {'t': [18740]}
205 285 {'t': [47734, 47735]}
784 762 {'t': [5543, 5564, 48196, 48197, 48198]}
784 771 {'t': [5543]}
784 431 {'t': [13902, 13973, 30625, 30632, 30650, 30659, 30741]}
181 513 {'t': [18085, 18086, 18087, 18088, 18089, 18090, 18091, 18092, 18093]}
181 79 {'t': [48]}
181 95 {'t': [1041, 44241]}
181 56 {'t': [13258]}
181 120 {'t': [13980]}
181 105 {'t': [18071, 18072, 18073, 18074, 18075, 18085, 18092, 18093, 31002, 31005, 31007, 31009, 31016, 31017, 31026, 31056, 31057, 31058, 31060, 31121]}
181 113 {'t': [18102, 44505]}
181 222 {'t': [30977]}
181 154 {'t': [43951]}
448 603 {'t': [13318]}
448 939 {'t': [5306]}
448 119 {'t': [4722, 4725, 4726, 4878, 4879, 4959, 4970, 4984, 4985, 4987, 4992, 5380, 5381, 5382, 5383, 6193, 6194, 6195, 13372, 13373, 31416, 31421, 31422, 31650]}
448 533 {'t': [4504, 4505, 4506, 6182, 6183, 6197, 6198, 31523, 31524, 31525, 31526, 31527, 31528, 31529]}
448 499 {'t': [1098, 4716]}
448 153 {'t': [8930, 9303]}
448 492 {'t': [9722]}
448 63 {'t': [30534]}
765 79 {'t': [31025]}
765 120 {'t': [1734, 1735, 1739, 1743, 1744, 1760, 1761, 1762, 1764, 1765, 1771, 1772, 1773, 1777]}
765 222 {'t': [35908]}
765 95 {'t': [13752, 13753]}
765 786 {'t': [1083, 1084, 1096, 1097, 1138, 1149, 1150, 1151, 1153, 1157, 1158, 1159, 1160, 1163, 1165, 1170, 1171, 1172, 1204, 1208, 1216, 1225, 1226, 1227, 1259, 1273, 1279, 1280, 1281, 1285, 1286, 1303, 1304, 1305, 1306, 1307, 1308, 1317, 1318, 1319, 1321, 1322, 1323, 1324, 1325, 1330, 1333, 1364, 1365, 1366, 1368, 1374, 1375, 1376, 1378, 1382, 1383, 1384, 1386, 1389, 1390, 1393, 1394, 4652]}
765 63 {'t': [35156]}
987 172 {'t': [17505, 44926, 44932, 44935]}
987 164 {'t': [43919, 43923, 43924, 43925, 43926]}
987 120 {'t': [14004, 39820, 39963, 44901]}
987 496 {'t': [48681]}
987 819 {'t': [13196, 13198, 14372, 39960, 44902]}
987 779 {'t': [44110]}
987 153 {'t': [6003, 39825]}
79 29 {'t': [431]}
79 275 {'t': [288]}
79 95 {'t': [1037, 1049]}
79 222 {'t': [4530, 4534, 4535, 4556, 4557, 5102, 9484, 9485, 9486, 9487, 9488, 9489, 9497, 9500, 9709, 9710, 10167, 31086, 39859, 39863, 39865, 39866, 39867, 39868, 39869, 39870, 39871, 39876, 39877, 48784, 48785]}
79 285 {'t': [6158]}
79 533 {'t': [31883]}
79 154 {'t': [39860]}
79 132 {'t': [48456, 48457, 48458, 48459, 48460, 48461, 48462, 48463, 48464, 48465, 48466, 48467, 48468, 48469, 48470, 48471, 48472, 48473, 48474, 48475, 48476, 48477, 48478]}
222 29 {'t': [1235, 1236, 9706, 39300]}
222 496 {'t': [817, 825, 35493, 35496, 35500, 35501, 35502, 35503, 35504, 35507, 35508, 35509, 35510, 35547, 35552, 35561]}
222 179 {'t': [943, 944]}
222 431 {'t': [5382]}
222 601 {'t': [9598, 9599, 9600]}
222 95 {'t': [10490, 10491, 10492, 40491, 40492, 40493, 40494, 40499, 40500, 40501, 40504, 40506, 40509, 40512, 48102]}
222 154 {'t': [30573]}
222 63 {'t': [30985]}
222 275 {'t': [31052, 31055]}
275 496 {'t': [31054]}
275 762 {'t': [1347]}
275 119 {'t': [679, 1065, 1314, 1315, 1356, 1357, 14027, 14525, 14526, 14585, 14589, 14590, 39901, 39902]}
275 105 {'t': [864]}
275 431 {'t': [14020, 14021, 14022, 14023, 14024, 14025, 14026, 14027, 14028, 14031, 14032, 14034, 14039, 14040, 14041, 14042, 14043, 14044, 14045, 14046, 14048, 14049, 14050, 14051, 14052, 14053, 30797, 30798, 30799, 30800, 30801]}
275 285 {'t': [6155]}
275 335 {'t': [5535, 5536, 5537, 5538]}
56 172 {'t': [14003]}
56 29 {'t': [581, 582, 583, 584, 585, 587]}
56 272 {'t': [14003, 14004]}
56 939 {'t': [542, 13263, 13264, 13267, 13268, 13269, 13270, 13271, 13272, 35039, 35040, 35042, 35090, 35093, 35113, 35120, 35212, 35213, 35219, 35220, 35221, 35222, 35223, 35224, 35225, 35226, 35227, 35228, 35244]}
56 819 {'t': [5302, 5308, 5315, 5316, 5327, 5329, 5395, 5396]}
56 786 {'t': [5345, 5346]}
56 95 {'t': [13233, 13927, 13928]}
56 105 {'t': [13924]}
56 132 {'t': [14014, 14510, 14698, 31228, 31230, 31232, 31233, 31234, 31281, 31284, 31348, 31349, 31350, 31368, 31408, 31609, 31984, 31985, 31987, 31988, 31989, 31990, 31992, 31993, 31995, 31996, 32006, 32007, 32014, 32015, 32016, 32018, 32019, 32020, 32023, 34799, 39821, 39822, 39823, 39824, 40099, 40488, 40517, 40523, 40540, 40662, 40663, 40665, 40666, 40667, 40669, 40676, 40682, 40683, 40685, 40687, 40690, 40692, 40693, 40694, 40696, 40697, 40699, 40700, 40702, 40703, 40706, 40709, 40711, 40746, 40747, 40760, 40762, 43442, 43448, 43451, 43452, 43453, 43454, 43455, 43457, 43459, 43464, 43465, 43466, 43467, 43469, 43470, 43472, 43474, 43475, 43477, 43478, 43490, 44110, 44588, 44677, 48706, 48709, 48713, 49287]}
56 154 {'t': [35038]}
56 431 {'t': [35186, 35204, 35205, 35226]}
56 791 {'t': [48091, 48092]}
335 179 {'t': [9405]}
335 762 {'t': [5033, 5036, 5386, 5390, 5409, 5411, 5412, 5414, 5415, 5424, 5451, 5505, 5506, 5570, 5573, 13288, 13289, 13290, 13373, 13449, 13594, 13893, 14137, 35768, 35769, 39525]}
335 17 {'t': [5760, 5762, 5764, 5765, 5770, 5771, 5774, 5775, 6105, 36241, 39070, 39119, 39137]}
335 119 {'t': [688, 9637, 9638, 9639, 9640, 9647, 14105]}
335 771 {'t': [4907, 5225, 5252, 5531, 5534, 9428, 9429, 9430, 9431, 9432, 9434, 9435, 9436, 9437, 9438, 9582, 9585, 13207, 13898]}
95 172 {'t': [19001, 19002]}
95 29 {'t': [348, 722, 723, 1039, 9561, 9562, 9704, 9705, 10021, 10022, 10023, 10121, 10122, 10123, 17843, 17846, 17854, 17855, 17856, 17857, 30972, 30973, 30974, 35244, 35245, 35246, 35247, 35248, 35249, 35255, 35256, 35257]}
95 120 {'t': [4910, 4911, 4912, 10493, 10494, 10495, 10496, 10497, 10498, 10499, 10500, 10501, 10502, 10503, 10504, 10505, 10506, 10508, 10509, 10510, 10511, 10512, 10513, 10514, 10515]}
95 496 {'t': [1514, 5815]}
95 819 {'t': [587, 44245, 44248, 44252, 44253, 44265]}
95 603 {'t': [36322, 36324, 36325, 36326, 36327, 36329, 36332]}
95 113 {'t': [14051]}
95 771 {'t': [81, 82, 83]}
95 15 {'t': [237, 718, 722, 723, 724, 730, 731, 732, 733, 738, 739, 743, 1490, 1545, 1742, 4617, 4618, 4635, 4636, 4637, 4648, 4651, 6050, 6051, 6052, 6053, 6054, 6055, 6056, 6057, 6058, 6059, 6060, 13977, 13980, 14017, 14018, 14516, 14806, 14807, 14810, 14813, 14814, 14820, 14824, 35178, 35179, 35180, 35181, 35182, 35185, 35188, 35189, 35190, 35191, 35192, 35193, 35195, 35196, 35200, 35202, 35204, 35205, 35206, 35207, 35209, 35210, 35211, 35212, 35213, 35214, 35215, 35216, 35217, 35218, 35219, 35220, 35221, 35222, 35231]}
95 786 {'t': [1057]}
95 63 {'t': [10019]}
95 939 {'t': [13927, 13928, 43450, 43451]}
779 172 {'t': [18841, 18842, 18843, 43465, 44366]}
779 29 {'t': [35805, 35806, 35807, 35810, 35811, 35812, 35813, 35814, 35815, 35816, 35817, 35818, 35819, 35820, 35821, 35822, 35823, 35824, 35825, 35826, 35827, 35828]}
779 120 {'t': [34761, 34762, 34763]}
779 132 {'t': [44106]}
779 819 {'t': [13141, 43396, 43398, 43403, 43404, 43405, 43419, 43422, 43423, 43424, 43426, 44290, 44342, 44345, 44707, 44708]}
779 113 {'t': [43388]}
779 939 {'t': [34831]}
779 63 {'t': [35052]}
779 105 {'t': [43759]}
87 63 {'t': [43600]}
431 938 {'t': [35382, 35383]}
431 21 {'t': [284]}
431 101 {'t': [31251, 31263, 35882, 35883]}
431 48 {'t': [35493]}
431 119 {'t': [31263]}
431 63 {'t': [30834]}
431 285 {'t': [43525, 43601, 44039, 44041, 44055, 44056, 44072, 44508, 44923, 44924, 44925, 44937, 47765, 47766, 47767, 47797, 48067, 48079, 48080, 48081, 48420]}
285 762 {'t': [389, 390, 395, 396, 397, 402, 424]}
285 154 {'t': [5524]}
120 172 {'t': [296, 305, 372, 373, 476, 477, 640, 5758, 5759, 8864, 8868, 9040, 9180, 9181, 9182, 9183, 9184, 9185, 9255, 9262, 39099, 39591, 40013, 40069, 40114]}
120 29 {'t': [8777, 8812, 8813, 8814, 34689, 34690, 34695]}
120 819 {'t': [177, 4489, 4490, 4502, 4505, 4506, 4507, 4515, 4516, 4517, 5628, 5642, 5643, 5653, 5654, 5655, 5656, 5657, 5658, 5676, 13083, 13092, 13093, 13095, 13096, 13099, 13102, 13133, 13134, 30416, 30471, 30472, 30473, 30478, 30480, 31634, 31641, 31760, 31766, 40114, 40115, 40128]}
120 113 {'t': [8807, 13144]}
120 132 {'t': [13952, 13955, 13960, 13961, 13962, 13963, 13969, 13970, 13971, 13974, 13975, 13976, 13977, 13992, 13993, 13994]}
120 603 {'t': [31234, 31237, 31238]}
132 172 {'t': [31223, 48416, 48417, 48418, 48430, 48435, 48440]}
132 164 {'t': [43796, 43797, 43798, 43805, 43821, 43832]}
132 496 {'t': [14451]}
132 603 {'t': [13969, 43719]}
132 63 {'t': [18050]}
132 48 {'t': [18051]}
132 119 {'t': [43802, 43803]}
119 762 {'t': [1086, 4999, 5001, 5002, 5006, 13171, 13172, 31636]}
119 533 {'t': [6193, 6194, 14139, 14140, 14141, 14142, 14148, 14153, 14180, 14192, 14210, 14211, 14212, 14263, 14264, 14265, 14266, 14267, 14268, 14269, 14270, 14285, 14330, 14335, 14339, 14340, 14341, 14346, 14357, 14362, 14363, 14365, 14367, 14373, 14374, 14375, 14376, 14378, 14395, 31506, 31507, 31647, 31648, 31649]}
119 492 {'t': [14120]}
119 771 {'t': [14565, 14566, 14569, 14570, 14571, 14572, 14573, 14575, 14576]}
119 154 {'t': [31814, 31815]}
119 499 {'t': [44507, 44508]}
15 29 {'t': [722, 723]}
15 496 {'t': [1514, 1515, 1516, 1544]}
21 29 {'t': [39924]}
21 603 {'t': [261]}
21 179 {'t': [91, 9576]}
21 66 {'t': [787, 789, 790, 934, 955, 958, 959, 1009, 1020, 1024, 1037, 1040, 1041, 1042, 1043, 1046, 1047, 1048, 1049, 1069, 1071, 1079]}
21 48 {'t': [788, 952, 1024, 1046, 1049, 1058]}
21 17 {'t': [952, 1079]}
21 101 {'t': [9105, 9213, 9219, 9570, 9574, 9575, 9595, 9715, 39643, 39644, 39645, 39921, 39922, 39924, 39926, 39929, 39930, 39980, 39981, 39982, 40656, 40657]}
101 179 {'t': [30608, 30611, 30613, 30623, 30629, 30630, 30631, 30632, 30633, 30634, 30635, 30636, 30637, 30638, 30640, 30641, 30642, 30644, 30645, 30647, 30648, 30649, 30650, 30651, 30652, 30653, 30654, 30655, 30656, 30657, 30658, 30659, 30660, 30661, 30662, 30663, 30664, 30665, 30666, 30667, 30668, 30669, 30670, 30671, 30672, 30673, 30674, 30675, 30676, 30677, 30678, 30679, 30680, 30681, 30682, 30683, 30684, 30685, 30686, 30687, 30688, 30689, 30690, 30691, 30692, 30693, 30694, 30695, 30696, 30699, 30700, 30701, 30702, 30703, 30704, 30705, 30707, 30708, 30709, 30710, 30711, 30712, 30713, 30714, 30715, 30716, 30717, 30718, 30719, 30720, 30721, 30722, 30723, 30724, 30725, 30726, 30727, 30728, 30729, 30730, 30731, 30732, 30733, 30734, 30735, 30736, 30737, 30738, 30739, 30740, 30741, 30742, 30743, 30744, 30745, 30746, 30747, 30748, 30749, 30750, 30751, 30752, 30753, 30754, 30755, 30756, 30758, 30759, 30760, 30761, 30762, 30763, 30764, 30765, 30766, 30767, 30768, 30769, 30770, 30771, 30772, 30773, 30774, 30775, 30776, 30777, 30778, 30779, 30780, 30781, 30782, 30783, 30784, 30785, 30786, 30787, 30788, 30789, 30790, 30791, 30792, 30793, 30794, 30795, 30796, 30797, 30798, 30799, 30800, 30802, 30803, 30804, 30805, 30807, 30808, 30812, 30813, 30815, 30816, 30817, 30818, 30820, 30821, 30828, 30829, 30830, 30831, 30837, 30842, 30843, 30845, 30846, 30848, 30859, 30864, 30866, 30867, 30872, 30873, 30874, 30875, 30876, 30877, 40092, 40093, 40096, 40097, 40098, 40099, 40100, 40101, 40102, 40103, 40105, 40106, 40107, 40110, 40111, 40112, 40113, 40114, 40115, 40116, 40117, 40118, 40119, 40120, 40121, 40122, 40123, 40124, 40125, 40126, 40127, 40128, 40129, 40130, 40131, 40132, 40134, 40135, 40136, 40137, 40138, 40139, 40140, 40141, 40151, 40152]}
101 17 {'t': [8986, 8987]}
164 172 {'t': [44113, 44114, 44115, 44118]}
164 603 {'t': [40452, 40459, 40520, 40555, 40561, 40646, 40657, 40791, 40792]}
164 63 {'t': [43908]}
164 533 {'t': [44248]}
172 819 {'t': [10357, 18068]}
172 603 {'t': [17953]}
172 113 {'t': [39099]}
819 29 {'t': [30491, 30493, 30496, 30497, 30498, 30499, 30506]}
819 496 {'t': [5865, 5867, 5868]}
819 939 {'t': [31033, 31034, 31035, 31218, 31219, 31220, 31221, 31251, 31268]}
603 272 {'t': [14106]}
603 791 {'t': [18584, 44192, 44194, 44196]}
603 153 {'t': [36199]}
113 513 {'t': [661, 668, 692, 765, 18163, 35168]}
113 29 {'t': [30601, 30602, 39185, 39188]}
113 496 {'t': [39190]}
113 105 {'t': [609, 639, 643, 660, 663, 683, 735, 744, 745, 746, 793, 9091, 9092, 9097, 9098, 9099, 9100, 9102, 9104, 9105, 9109, 9110, 9111, 9112, 9113, 9114, 9115, 9116, 9117, 9118, 9119, 9120, 9121, 9122, 9123, 9124, 9125, 9126, 9127, 9136, 9137, 9138, 9139, 9140, 9141, 9142, 9143, 9144, 9145, 9147, 9148, 9149, 9150, 9151, 9156, 9157, 9161, 9172, 9173, 9174, 9175, 9177, 9178, 9179, 9185, 9187, 9188, 9189, 9190, 9191, 9196, 9197, 9198, 9199, 9200, 9201, 9202, 9203, 9204, 9205, 9206, 9207, 9208, 9209, 9210, 9211, 9214, 9218, 9224, 9225, 9246, 9247, 9248, 9249, 9250, 9252, 9253, 9254, 9257, 9258, 9260, 9261, 9263, 9265, 9283, 9287, 9290, 9294, 9295, 9296, 9297, 9298, 9300, 9302, 9303, 9304, 9305, 9306, 9307, 9312, 14447, 14448, 14672, 18072, 18115, 18124, 18126, 18161, 18168, 18170, 18172, 18173, 18178, 18189, 18191, 31552, 31666, 31669, 31670, 31672, 31674, 31738, 31774, 31775, 31776, 31777, 31778, 31780, 31826, 35229, 35260, 44551, 44552, 44554, 44555, 44556, 44557, 44558, 44559, 44560]}
113 939 {'t': [43542, 43543, 43545, 43546, 43547, 43548, 43549, 43550]}
513 105 {'t': [703, 13380, 13381, 13382, 14503, 14574, 14601, 17631, 18082, 18083, 18089, 18098, 18101, 18198, 18211, 19109, 30287, 30362, 30463, 30464, 30988, 30989, 31136, 31329, 35218, 35219, 47905, 48079, 48082]}
513 29 {'t': [10421, 34863, 35076]}
105 63 {'t': [1417, 1418]}
29 496 {'t': [17608, 17609]}
29 791 {'t': [44613, 48108]}
29 213 {'t': [48117]}
496 17 {'t': [5302]}
496 786 {'t': [34909, 35230, 35231]}
213 63 {'t': [34956, 34959]}
533 153 {'t': [13203, 13672, 44382, 44485, 44500, 44521, 44522, 44524, 44526]}
533 601 {'t': [13625, 13626, 13627, 13628, 13629, 13630, 13632, 13633, 13634, 13635, 13637, 13638, 13639, 13640, 13641, 13643, 13651, 13653, 40187, 49048]}
533 499 {'t': [13668, 13669, 13673, 13675, 13735, 13736, 43924]}
533 63 {'t': [14465, 14466, 17630, 17632, 17633, 17648, 17654, 17655, 17663, 17664, 17789, 17909, 18030, 18031, 34898, 34953, 35227, 35228, 35229, 35232, 39382, 44283, 44284, 44285, 44286, 44287, 44288]}
533 154 {'t': [40223]}
154 939 {'t': [4903]}
154 63 {'t': [1356, 9725, 9726, 9781, 35052, 35084, 35263, 35264, 35266, 36118, 36148, 36149, 36150, 36151, 36152, 36154, 43928]}
154 499 {'t': [5607, 5608, 17478, 17479, 17496, 31531, 31543, 31544, 31555, 31559, 31591, 31594, 31595, 31596, 31655, 34851, 34903, 34906, 34907, 34908, 34909, 34964, 34965, 34966, 34967, 34968, 44314, 44315]}
154 153 {'t': [5664, 6110, 6114, 6119, 6120, 6131, 6132, 6134, 6148, 6149, 6150, 6151, 6152, 34902, 35095, 44778, 48041]}
154 492 {'t': [6134, 6141, 6142, 6144, 6145, 6146, 6148, 40389]}
66 179 {'t': [938]}
66 48 {'t': [784, 785, 786, 787, 791, 961, 968, 1004, 1005, 1008, 1009, 1020, 1023, 1024, 1025, 1040, 1042, 1043, 1044, 1046, 1047, 1048, 1049, 1050, 1051, 1052, 1053, 1054, 1055, 1056, 1057, 1058, 1079]}
66 17 {'t': [778, 779, 780, 781, 782, 783, 784, 785, 786]}
939 153 {'t': [39608]}
63 492 {'t': [17633, 17634, 17635, 17636, 17637, 17638, 17639, 17640, 17641, 17647, 17650, 17664, 17665, 17668, 17674, 17681, 17688, 17691, 17692, 17693, 17698, 17699, 17700, 17702, 17704, 17759, 17761, 17762, 17763, 17764, 17765, 17766, 17770, 17771, 17789, 17790, 17819, 17841, 17852, 17893, 17894, 17895, 17896, 17900, 17901, 17903, 17904, 17906, 17907, 17908, 17935, 17940, 17941, 17943, 17944, 17948, 17949, 17954, 17969, 17983, 17984, 17985, 17992, 17997, 17999, 18000, 18001, 18009, 18010, 18011, 18012, 18013, 18023, 18030]}
63 153 {'t': [9730, 9778, 14475, 35784, 35785, 35786, 36154, 39594, 43620, 43621, 43633, 43651, 43652, 43655, 43656, 43657, 43658, 43659, 43660, 43661, 43662, 43663]}
63 601 {'t': [9786, 9787, 9788]}
63 499 {'t': [5411, 5412, 5414, 9447, 18570, 31434, 34899, 43595, 44291, 44317, 44762, 44763]}
601 492 {'t': [4519, 4520, 8920, 8921, 8922, 8925, 8926, 10064, 10066, 10067, 10068, 10069, 10070, 10071, 10072, 10073, 10074, 10075, 10077, 10078, 10079, 10082, 10083, 10084, 10085, 10086, 10087, 10088, 10089, 10090, 10093, 10094, 18218, 18223, 18224, 18225, 18226, 18227, 18228, 18229, 18230]}
601 153 {'t': [9383, 10120, 10121, 10122, 10126, 10128, 10129, 10130, 10131, 13202, 14437, 39670, 39839, 39841, 48708, 48709, 48710, 48711, 48712, 48713, 48714, 48715, 48716, 48717, 48731, 48736, 48737, 48739, 48740, 48741, 48743, 48744, 48745, 48746, 48747, 48748, 48749, 48750, 48751, 48752, 48753, 48758, 48759, 48760, 48764, 48765, 48766, 48767, 48768, 48769, 48770, 48771, 48772, 48773, 48777, 48778, 48779, 48780, 48781, 48782]}
601 499 {'t': [14409]}
771 762 {'t': [484, 4471, 4490, 4491, 5128, 5147, 5148, 5224, 5252, 5542, 13576, 13577, 13578, 14168, 14169]}
771 17 {'t': [1089, 9685, 9801, 10129]}
48 179 {'t': [945, 946, 949, 950, 951]}
48 17 {'t': [773, 776, 952, 35497, 35498, 39131, 39132, 39142]}
17 179 {'t': [776, 786, 946, 947, 31162, 31171]}
17 762 {'t': [1266, 1281, 1282, 5788, 5789]}
153 492 {'t': [5300, 5436, 5439, 5440, 5560, 5849, 5850, 8990, 9118, 9517, 9526, 9527, 9576, 9710, 9711, 9714, 9715, 9718, 9719, 9728, 9743, 9746, 9752, 9764, 9765, 9768, 9796, 9797, 9804, 9805, 9806, 9807, 9808, 9809, 9810, 9811, 9812, 9813, 9814, 9818, 9853, 9860, 9861, 9862, 9863, 9864, 9879, 9888, 9908, 9910, 9928, 9940, 9969, 9993, 10009, 10336, 10380, 10434, 10439, 13440, 13729, 13730, 14066, 14296, 14316, 14318, 14474, 34795, 34797, 34799, 35561, 35562, 35563, 35564, 35565, 35566, 35567, 35568, 35578, 35579, 35580, 35581, 35583, 35584, 35589, 35591, 35592, 35593, 35594, 35938, 35940, 35942, 35943, 35944, 35945, 39838, 39839, 39841, 40291, 40463, 40468, 40469, 40619]}
153 499 {'t': [6116, 6117]}
492 938 {'t': [0]}
492 499 {'t': [9730]}
